100
394
851 449 330 709 267 354 539 148 681 888 996 53 73 775 254 399 581 447 300 784 14 631 954 118 26 194 305 306 456 584 508 158 611 446 966 639 76 635 286 69 564 698 482 179 121 489 721 641 839 152 293 866 108 500 935 979 959 416 464 208 961 486 351 525 952 803 670 159 611 608 371 537 806 316 750 635 847
640
614 237 361 984 281 628 13 326 445 987 456 298 516 605 398 762 849 216 522 907 851 580 251 208 13 158 142 403 294 820 480 172 710 988 608 915 927 363 970 356 452 641 291 861 941 833 295 402 652 191 147 217 241 790 308 942 644 409 606 154 746 700 996 130 100 751 161 732 683 666 50 550 11 483 935 314 789 953 235 54 277 905 310 780 507 540 905 813 654 850 339 494 650 974 285 218 419 895 300 173 823 97 806 169 135 179 959 74 579 508
117
296 609 375 777 373 818 181 765 594 347 480 214 123 829 74 799 805 538 680 833 820 909 395 580 202 297 842 51 973 919 879 741 702 711 854 75 971 856 931 471 755 202 847 766 921 599 85 635 281 373 452 143 618 827 853 834 344 385 50 142 502 485 842 336 620 279 528 789 862 670 314 105 840 315 879 925 625 225 507 102 127 176 491 258 353 777 394 684 30 465 109 253 830 754 509 702 521 22 845 302 205 452 516 211 570 75 841 735 854 816 428 955 877 316 244 335 78 708 846 120 927 65 840 459 927 914 970 202 876 157 46 303 517 730 272 954 523 279 979 388 47 274 647 898 251 758 516 64 517 913 231 175 796 718 39 740 98 924 411 565 135 413 617 99 367 432 777 556 955 15 965 932 584 403 363 409 730 333 774 512 64 324 17 575 463 268 206 44 485 185 651 617 235 738 557 670 930 674 591 244 220 247 811 570 577 824 240 373 500 764 133 21 860 167 616 853 379 686 95 498 114 690 10 464 737 823 958 762 161 231 0 56 743 745 101 565 978 102 456 11 380 11 674 738 781 358 570 77 715 570 858 315 730 209 177 486 216 183 380 267 502 741 722 327 238 909 638 902 638 457 423 519 772 793 64 879 526 490 371 964 780 817 211 612 8 119 544 19 748 926 151 559 445 259 604 813 823 384 424 37 64 49 287 303 410 637
208
570 872 75 62 266 68 35 576 681 458 746 736 17 98 402 79 358 326 377 679 230 278 982 801 322 985 939 927 593 813 98 801 987 696 864 294 975 769 498 310 368 807 650 893 374 789 453 340 232 891 198 526 574 755 1 516 98 551 397 167 559 9 327 799 24 910 917 227 521 156 686 563 966 398 586 25 5 265 166 675 52 976 455 706 752 603 322 576 773 669 680 262 231 477 896 553 748 167 498 315 672 356 531 797 615 22 970 84 455 330 34 393 269 239 923 713 287 725 269 904 870 616 183 565 770 223 401 317 705 777 60 384 89 532 278 928 278 137 118 665 966 632 492 704 193 291 1000 32 747 757 584 565 736 641 289 548 768 957 194 237 135 174 767 289 756 506
385
860 793 300 421 861 8 608 985 629 572 509 850 721 230 178 856 175 99 62 998 481 887 408 258 470 45 302 286 358 371 504 381 965 106 705 190 211 220 574 815 893 63 630 606 144 371 672 290 214 26 47 673 610 571 558 672 829 234 64 658 505 811 965 490 482 566 550 102 589 148 520 389 430 220 55 241 778 87 105 951 841 391 162 290 102 803 822 243 76 281 49 693 476 161 437 988 83 564 402 748 928 745 437 256 153 482 332 790 20 710 510 434 328 155 383 128 43 278 830 609 309 978 894 109 140 966 732 284 712 499 199 93 104 154 662 299 825 645 171 794 10 255 479 233 343 818 910 744 253 866 678 84 155 619 552 902 761 506 766 684 335 726 682 638 228 462 921 529 104 287 613 867 93 507 362 909 504 426 671 703 249 765 77 1000 662 282 56 527 795 221 207 711 2 589 794 722 65 813 130 325 668 611 728 769 693 669 43 683 662 283 548 417 844 843 8 807 693 688 835 58 562 743 607 758 425 301 59 150 203 654 879 566 770 318 739 116 68 328 679 222 207 5 427 89 578 354 699 616 771 472 537 552 467 45 194 448 60 633 488 845 708 175 773 154 676 447 312 208 677 147 852 598 173 603 92 721 545 326 922 599 748 252 794 484 796 19 71 446 325 69 255 196 102 462 28 983 494 833 985 866 307 471 876 494 611 421 675 398 961 332 439 643 878 614 178 299 925 592
127
902 290 514 330 418 207 667 624 660 669 77 787 596 333 274 302 787 426 332 665 158 645 761 469 53 293 268 911 889 849 712 917 815 671 113 640 920 564 627 823 173 831 671 329 82 100 385 91 792 283 528 419 662 734 129 2 973 483 918 527 466 175 466 384 841 879 579 902 784 527 211 194 490 302 945 403 950 654 872 796 628 956 523 952 1 822 851 183 355 906 211 473 568 999 901 875 801 336 842 846 631 137 896 280 466 778 665 786 579 50 928 439 72 459 792 30 582 743 488 802 860 957 700 182 699 763 201 894 262 511 105 141 79 32 602 303 12 860 452 299 164 964 524 126 219 211 795 621 971 154 312 836 480 639 164 208 678 291 348 852 714 6 291 541 592 726 230 604 710 258 293 328 777 367 735 643 229 824 531 630 625 772 95 642 589 693 494 924 988 421 763 525 386 608 825 936 457 211 522 875 685 824 784 163 551 712 787 755 73 826 896 171 110 265 470 554 423 835 111 586 156 546 534 283 692 590 450 903 468 501 889 786 946 802 224 605 169 305 211 19 121 659 349 855 551 247 178 404 927 801 322 202 989 705 210 589 453 287 845 422 631 388 445 708 309 695 848 647 570 262 925 667 94 841 475 712 204 967 915 696 688 624 15 280 793 773 247 615 555 106 831 515 706 370 472 402 3 688 293 904 82 20 57 363 348 397 578 593 806 806 128 854 921 765 256 475 924 936 804 431 752 274 379 190 135 15 394 722 732 233 881 100 592 197 918 589 753 824 221 458 139 95 457 591 718 864 819 236 266 382 460 676 650 126 316 667 947 509 894 509 544 829 495 144 48 990 482 847 280 550 366 314 25 144 207 249 494 265 50 353 297 419 836 63 297 617 328 726 334 796 898 299 796 490 958 803 838 724 837 843 999 699 916 76 712 607 39
39
904 39 96 467 442 565 243 770 298 902 1000 714 164 792 667 853 721 96 110 809 788 279 596 787 508 934 970 834 73 465 893 130 898 795 236 877 834 938 21 171 208 157 1 787 82 791 71 40 263 416 99 262 735 232 826 225 950 313 687 662 843 782 462 482 923 844 46 923 821 429 301 439 299 472 710 979 27 694 974 474 46 113 728 764 75 336 830 683 89 899 910 815 749 278 46 756 130 642 499 254 871 581 932 691 636 3 41 814 48 992 293 378 519 446 465 887 777 2 693 722 525 134 282 849 22 368 294 298 10 278 389 972 28 560 974 294 31 467 884 292 357 773 237 314 358 451 155 88 499 878 98 103 569 389 198 388 442 795 13 393 80 496 413 639 607 211 579 688 747 0 850 314 716 69 189 960 985 992 642 932 626 31 189 404 660 271 770 388 386 449 252 919 242 657 3 726 770 918 269 282 883 654 378 822 859 494 488 339 901 460 881 189 820 561 599 618 983 545 908 978 805 803 868 591 157 617 859 239 565 582 919 355 203 229 755 584 286 21 328 105 836 911 795 501 528 550 447 52 906 378 721 485 188 741 445 484 789 168 275 142 885 407 847 870 649 352 529 546 84 334 743 56 236 569 341 469 383 166 267 118 879 461 409 899 784 30 449 270 0 850 669 680 169 929 715 71 254 395 337 773 565 12 211 940 768 282 458 16 556 912 749 952 93 494 880 507 659 666 598 437 862 405 111 850 993 505 360 651 164 665 241 15 50 666 436 220 354 851 426 453 233 395 332 25 812 529 42 888 619 128 221 640 802 247 855 875 166 967 600 997 675 310 448 666 107 724 334 680 903 766 534 801 328 262 10 845 795 743 149 575 858 31 92 462 604 657 949 224 668 203 904 196 660 556 23 166 23 158 539 713 940 204 656 494 167 470 197 770 647 69 938 501 799 939 958 583 718 664 968 375 654 965 369 836 896 382 671 152 612 898 31 648 529 901 361 862 92 90 799 310 800 791 62 356 227 344 430 351 477 752 14 755 509 298 111 839 156 204 679 823 246 904 34 858 568 898 631 734 264 438 10 312 172 581 288 143 233 750 22 190 876 413 668 251
163
805 384 991 114 203 509 693 58 493 229 399 928 579 584 542 528 945 905 450 266 460 397 711 445 539 430 366 667 205 274 136 689 214 365 843 962 766 132 171 109 625 1 64 995 377 299 384 863 578 474 424 608 8 929 468 555 732 176 312 133 526 657 704 460 263 108 223 478 811 653 358 585 306 910 281 905 601 576 671 910 418 886 301 512 463 923 680 292 271 972 90 227 302 290 812 54 226 928 502 475 113 74 855 258 755 932 240 444 107 454 875 583 102 959 675 157 8 228 225 437 815 40 856 871 488 912 648 45 558 555 191 545 699 10 290 965 546 632 381 48 181 511 637 920 566 860 759 618 269 891 780 879 436 755 942 823 10 448 780 71 931 709 545 582 126 260 378 8 281 100 994 794 872 66 618 337 206 201 41 286 491 749 362 228 116 748 744 582 731 288 102 294 868 250 858 142 618 163 872 592 411 903 68 488 626 828 359 522 391 182 806 22 616 896 92 952 289 632 190 526 56 539 715 34 42 737 521 208 805 874 295 111 480 624 733 835 601 821 971 654 776 658 484 258 36 35 668 749 539 171 836 9 299 528 929 239 899 138 277 781 758 771 612 528 434 3 461 478 236 214 118 640 283 234 505 378 786 608 29 195 678 170 668 559 965 312 449 206 262 1000 486 445 600 83 476 636 685 713 943 150 18 680 36 645 446 325 815 246 208 693 452 377 328 323 537 482 348 760 169 891 895 613 451 618 588 540 689 69 580 53 362 438 822 508 511 725 806 258 26 203 879 993 541 890 688 257 645 136 269 666 6 168 140 300 14 636 462 84 349 742 601 651 179 56 972 993 758 449 791 943 964 387 384 727 208 877 356 704 178 507 117 812 210 554 208 546 408 632 688 474 892 841 156 777 791 906 538 931 604 897 48 347 828 961 304 342 269 447 374 464 379 160 767 9 456 246 597 884 661 686 430 984 431 274 846 277 658 682 783 490 252 701 962 642 161 959 706 199 422 979 44 699 244 428 422 271 329 54 973 766 127 998 552 396 76 237 948 276 503 676 714 208 115 644 756 501 772 684 322 906
818
26 594 8 637 327 250 397 627 581 176 56 113 586 835 151 417 947 851 503 66 375 840 390 470 393 145 216 182 282 704 812 703 601 721 100 41 136 238 605 291 820 738 625 846 571 493 624 257 262 245 106 983 400 433 145 674 435 502 583 702 450 758 852 416 587 213 366 484 466 424 170 38 332 151 638 553 603
180
577 548 623 442 380 139 532 512 470 542 311 790 360 522 287 487 834 528 783 520 824 107 904 786 459 319 867 895 864 247 458 249 685 54 405 448 750 45 86 33 985 581 915 482 286 631 45 336 21 525 731 256 605 263 375 308 897 851 470 192 341 407 670 735 488 692 410 980 965 940 739 621 513 456 659 8 622 509 797 408 265 537 93 8 967 528 315
129
137 159 633 17 52 101 231 451 660 818 171 993 273 292 558 642 429 199 384 850 806 984 614 974 229 37 217 204 92 980 803 864 104 305 16 360 297 590
782
699 961 544 459 629 763 5 776 313 1000 709 12 669 674 330 372 523 468 481 545 62 248 391 421 362 83 957 224 933 241 617 186 576 506 640 638 351 710 69 303 709 213 734 365 391 89 484 945 573 371 816 33 401 941 800 319 638 635 417 574 336 225 453 815 542 261 108 561 131 878 200 815 680 186 527 958 991 717 787 844 363 735 221 571 621 30 399 604 811 554 620 298 275 720 931 888 864 764 761 196 18 28 269 274 803 125 481 971 156 815 891 514 281 370 17 693 510 744 920 884 588 344 35 899 18 687 940 718 494 581 24 910 725 305 34 420 833 700 633 885 234 500 515 226 233 1000 104 933 141 151 90 218 123 317 609 239 498 845 291 318 226 539 303 924 588 262 489 901 101 175 456 359 20 604 391 186 361 607 153 507 452 720 927 275 188 182 333 688 168 333 986 8 175 76 930 146 830 261 902 548 127 69 275 28 444 221 761 522 535 310 550 476 922 107 847 960 101 191 110 1 41 314 945 331 873 439 493 942 649 767 982 42 913 475 135 170 610 413 716 902 144 646 324 996 183 714 29 689 270 486 553 681 710 764 958 407 239 561 238 859 670 543 818 0 332 307 72 331 140 249 256 320 504 531 757 540 886
666
158 619 969 430 933 279 70 247 626 384 547 198 989 892 91 912 681 200 600 402 766 216 903 232 881 105 463 103 650 380 365 193 541 672 27 816 584 54 854 735 774 255 657 355 454 562 164 392 840 899 194 253 782 785 959 375 763 380 808 365 157 170 384 953 765 802 821 853 470
956
671 929 50 438 344 99 913 458 529 830 592 459 868 253 204 718 119 668 499 566 512 819 527 391 538 266 802 429 110 508 788 777 817 272 104 44 41 514 399 439 181 349 87 128 492 583 640 680 452 562 693 15 911 715 644 216 215 780 659 617 439 51 207 589 463 983 738 528 219 670 649 733 189 790 892 648 669 921 2 489 915 568 305 154 676 600 106 589 769 53 642 135 791 887 95 917 63 350 948 904 218 154 712 283 642 403 479 932 907 609 559 301 134 158 921 603 51 737 848 51 525 958 167 871 112 370 70 780 884 977 844 51 998 36 310 742 866 767 708 81 283 231 677 945 960 475 335 454 297 175 201 715 482 941 37 313 745 312 619 812 692 137 973 815 647 23 639 748 41 913 218 339 69 575 355 606 878 786 183 871 654 832 602 626 431 374 961 921 648 63 274 41 244 146 113 377 144 225 579 906 532 557 691 286
118
902 765 718 730 866 74 325 407 189 462 371 251 753 554 676 575 231 432 391 200 513 38 205 185 59 658 607 844 850 967 651 130 324 632 255 959 243 802 350 858 817 527 725 908 393 103 16 45 337 789 169 544 580 402 632 917 717 929 50 878 381 278 490 350 284 466 958 580 730 492 934 385 477 48 1000 418 186 404 978 28 164 52 543 416 398 687 857 768 465 572 51 291 1000 364 508 262 266 139 465 838 342 912 326 436 89 491 500 494 670 669 192 67 572 73 35 742 950 100 541 598 4 941 976 177 324 312 592 114 399 895 359 56 46 266 331 842 264 432 514 790 173 546 747 51 301 280 65 561 889 481 181 986 256 420 861 443 609 271 56 471 379 228 623 446 606 167 626 79 875 32 427 161 600 646 498 696 341 983 1 144 981 212 518 710 255 809 64 808 745 711 214 460 297 844 808 139 971 510 162 729 774 387 251 839 110 693 14 826 60 539 758 450 337 890 381 227 74 978 383 535 528 718 969 759 476 598 535 569 723 129 676 637 398 437 215 47 117 758 749 177 716 914 0 635 903 336 437 359 659 790 987 625 209 157 139 842 131 362 309 921 467 462 53 180 15 820 316 398 194 393 921 282 440 545 700 390 396 358 959 953 902 24 92 608 583 340 909 451 479 184 730 686 375 840 346 650 260 106 18 796 73 231 58 361 75 437 728 539 451 530 764 522 521 787 295 341 568 878 941 690 991 224 626 185 381 827 502 417 140 129 479 594 363 636 120 454 487 945 728 457 835 982 606 580 448 347 526 321 297 947 154 69 410 647 693 882 798 699 898 849 460 140 223 492 15 140 269 364 326 747 644 616 246 578 237 102 448 196 1000 783 107 593 977 789 204 659 436 869 893 959 465 565 430 289 669 287 569 779 330 900 510 861 565 731 922 520 78 676 830 518 774 676 956 35 971 130 956 906 10 329 49 240 179 849 900 419 738 583 941 583 91 671 802 509 503 835 478 522 839 882 480 397 423 108 52 852 340 492 974 281 691 867 303 437 449 172 68 779 655 129 545 525 456 242 356 342 787 932 820 393 913 409 663 472 53 222 346 956 715 191 223 291 915 461 44 892 24 335 693 752 573 849 751 324 590 778 973
583
618 396 873 504 541 510 127 644 199 261 469 767 528 691 123 797 127 230 498 94 377 318 938 165 817 732 506 804 268 38 561 17 887 507 64 243 970 34 749 487 140 117 966 745 314 743 363 801 273 691 896 337 217 611 607 716 973 567 122 530 99 10 680 502 638 26 480 555 224 132 204 725 711 964 294 870 69 927 73 690 375 780 243 998 16 90 331 974 36 31 327 305 772 481 32 455 925 749 154 971 384 819 12 184 214 411 815 733 624 20 900 218 334 407 995 307 713 774 964 431 929 791
886
641 893 978 765 716 655 584 440 111 25 732 938 512 121 32 731 29 961 566 567 753 356 838 495 701 749 882 109 823 482 934 14 674 954 187 632 908 63 503 173 140 702 672 36 171 375 968 957 890 916 454 996 419 905 661 70 21 635 64 951 576 915 393 298 808 982 188 410 762 819 834 731 494 848 517 840 381 28 749 471 426 145 244 652 458 812 490 127 805 951 732 378 430 914 748 758 720 408 893 821 645 993 247 817 583 734 174 232 96 943 821 937 54 413 552
431
905 419 642 310 35 794 789 24 140 918 286 523 537 834 162 765 665 338 872 366 412 455 251 123 602 793 722 655 290 616 409 429 564 33 155 804 420 210 220 781 813 31 985 230 168 774 589 276 903 147 578 730 568 291 815 102 833 796 834 332 268 712 660 123 579 853 142 346 526 652 670 240 539 435 820 37 596 89 513 770 266 796 322 216 518 900 578 103 68 241 222 555 855 716 175 424 722 624 466 3 601 653 637 494 185 447 277 661 837 594 739 657 929 200 40 759 698 28 916 820 524 876 292 607 341 332 764 787 883 962 567 360 779 589 679 605 807 35 303 390 98 3 883 600 161 67 850 969 381 678 743 434 495 314 100 710 382 783 227 824 404 842 312 75 165 222 28 86 231 214 525 37 383 867 222 795 876 940 723 421 305 295 73 318 923 865 729 413 582 331 503 690 704 513 826 670 832 780 410 515 684 724 583 967 424 187 902 192 888 747 954 900 817 943 858 71 176 646 645 34 165 773 849 988 744 201 305 766 965 852 73 45 711 27 150 925 901 985 97 657 548 982 801 677 692 640 303 814 106 239 509 878 410 955 194 481 737 274 660 966 334 978 724 172 402 915 509 227 614 254 517 261 105 770 192 115 350 397 142 618 13 739 951 870 915 640 678 808 367 396 947 593 5 781 555 867 919 77 598 910 975 1 928 308 301 991 378 751 263 387 662 40 855 544 872 232 231 308 706 995 591 647 220 129 119 975 681 523 195 11 647 785 797 124 222 44 287 502 943 118 664 791 640 82 335 887 719 34 676 523 827 585 491 123 434 97 808 567 552 50 232 249 877 25 514 300 914 37 845 488 122 894 929 689
156
447 62 528 421 430 218 382 148 422 958 406 367 283 4 234 764 196 136 89 998 917 34 67 478 169 39 967 253 767 721 842 708 129 569 872 868 189 459 216 484 800 56 568 30 74 293 344 213 433 301 303 253 191 847 650 346 419 849 521 575 350 345 486 252 832 507 806 126 551 43 897 909 580 517 183 94 632 79 878 285 650 685 488 611 512 400 5 815 483 370 954 630 89 830 241 468 429 484 95 660 863 778 465 203 116 328 713 666 996 66 51 932 0 48 801 226 18 622 116 655 770 349 199 844 299 867 390 766 708 17 47 999 154 382 463 388 519 700 217 502 346 398 961 966 898 7 145 730 570 267 591 859 132 82 601 648 207 3 144 730 391 326 171 99 895 342 86 345 775 444 567 473 342 56 571 150 610 424 332 100 338 187 850 355 33 405 180 728 494 276 727 722 276 801 387 326 365 701 842 662 227 569 886 502 207 226 539 849 449 581 464 649 807 180 807 390 924 779 989 400 593 333 669 351 51 772 106 75 182
487
416 634 757 670 578 946 610 961 328 373 233 242 908 423 843 414 601 60 836 146 561 277 48 5 805 540 749 293 721 491 387 921 669 275 630 161 980 670 922 999 375 647 750 856 506 6 860 774 745 995 374 513 530 913 390 692 24 393 802 406 348 426 869 621 981 9 494 695 321 198 886 685 832 650 538 827 422 688 608
633
348 477 978 572 643 582 144 935 444 705 165 721 541 925 670 317 760 103 524 410 385 641 801 858 411 64 949 637 823 898 946 527 445 529 389 658 298 929 576 345 846 245 992 649 185 162 147 227 705 470 891 926 226 43 116 871 840 410 626 976 169 336 425 820 148 523 572 247 300 958 722 641 608 584 789 316 746 709 974 170 439 275 1000 162 984 337 449 696 2 975 279 509 909 932 32 959 825 803 32 830 377 813 328 475 174 767 756 585 543 827 349 511 245 98 249 826 505 484 102 217 381 264 163 513 682 802 285 991 548 923 955 979 666 98 223 118 106 498 517 621 320 89 843 628 469 203 876 399 12 814 881 686 675 141 58 229 147 689 398 3 800 618 305 706 481 184 570 825 92 616 948 596 653 102 785 508 180 223 819 449 513 734 118 68 988 102 297 7 855 888 599 588 261 407 842 622 27 402 406 312 621 371 141 381 578 326 148 81 234 59 300 300 76 755 784 453 492 491 43 394 47 715 474 102 830 612 758 798 54 866 270 717 617 368 842 442 177 608 368 870 139 61 839 613 246 792 110 122 926 310 653 602 276 616 755 545 221 563 624 452 461 114 282 482 378 186 279 502 916 63 705 841 379 224 692 977 393 91 457 577 695 851 722 185 982 999 116 251 112 25 58 36 831 260 958 446 954 535 974 228 237 746 98 727 99 10 327 148 442 26 742 194 246 254 419 780 865 937 796 192 417 275 524 392 207 736 944 517 660 321 90 171 948 93
602
273 88 911 628 309 460 107 974 785 14 528 609 783 917 666 604 812 364 566 525 481 420 40 166 778 119 341 630 188 255 483 513 496 830 403 785 442 330 203 385 676 230 714 700 709 411 524 961 531 343 747 920 0 452 21 534 759 769 542 878 922 977 84 751 221 156 223 491 707 198 776 154 481 697 540 669 5 567 942 927 611 47 90 223 522 285 70 214 608 292 163 51 78 320 906 274 94 328 751 856 118 376 553 793 500 255 227 951
113
284 554 540 901 685 439 66 319 962 157 891 503 34 788 365 516 198 178 283 149 487 771 188 157 583 493 480 224 866 716 336 383 396 966 960 703 204 924 708 1000 712 299 967 43 365 968 118 170 668 268 654 23 592 944 272 792 935 229 236 91 405 232 258 12 56 175 372 122 849 200 852 756 776 80 605 136 700 431 818 580 307 361 369 784 983 802 884 676 111 275 151 986 512 952 500 37 76 621 480 631 733 698 650 384 186 811 392 30 567 729 22 91 756 372 961 783 591 194 782 115 970 945 766 870 245 430 978 896 215 965 253 651 348 619 25 636 124 440 312 704 6 305 160 287 696 764 209 532 52 583 128 915 965 736 988 258 333 354 752 759 131 413 725 325 605 129 440 83 519 645 22 434 879 442 653 487 339 56 932 280 955 544 920 873 66 786 932 873 136 706 893 293 464 645 354 771 782 720 474 3 653 251 262 560 230 835 697 551 685 226 835 537 282 627 880 221 249 673 80 609 611 698 466 949 675 912 122 845 588 729 34 882 326 763 145 954 810 859 539 851 854 400 763 667 924 204 747 811 713 171 714 537 948 656 519 603 226 56 69 951 691 193 326 895 163 532 428 376 723 710 199 732 404 651 547 462 368 321 630 550 71 898 294 664 218 685 515 866 579 386 458 309 273 418 606 213 725 648 755 574 83 953 638 80 824 273 410 301 178 627 102 279 400 113 109 824 682 383 786 657 346 240 991 352 678 964 766 883 561 695 9 295 513 498 303 597 778 713 865 756 574 725 814 889 108 477 32 153 982 489 765 942 203 172 913 91 582 663 817 947 307 173 688 390 902 651 432 838 706 425 229 233 399 748 207 484 474
721
132 236 826 777 268 373 438 507 53 659 889 660 917 946 813 433 510 1 368 471 176 775 201 378 11 281 889 90 219 717 982 270 487 294 219 382 382 350 363 851 597 114 618 214 847 701 988 283 668 935 656 354 690 382 838 500 622 567 37 799 201 544 976 400 311 833 163 896 181 514 539 960 730 663 477 832 564 239 369 979 927 427 582 782 847 552 190 13 542 615 153 857 732 635 572 999 697 502 882 90 512 311 829 765 237 240 318 980 855 332 440 676 778 953 464 397 61 683 291 561 255 409 344 175 863 931 530 227 672 500 466 891 558 587 779 914 512 625 138 772 246 845 542 960 770 765 721 472 257 348 81 841 412 760 239 962 241 335 430 824 760 705 935 98 884 510 674 297 598 534 383 283 499 845 372 863 250 978 792 697 459 434 70 365 866 664 141 165 973 863 256 72 261 140 871 952 590 973 25 729 18 209 200 838 637 26 80 874 219 97 635 278 455 714 514 693 354 373 292 397 808 747 417 783 147 456 19 838 861 355 652 788 383 622 71 913 102 470 436 283 409 606 708 814 688 130 885 955 678 858 98 728 47 381 333 830 373 643 334 635 33 893 505 243 627 440 72 258 248 262 689 939 735 664 745 608 508 901 523 66 402 50 367 723 369 71 815 440 262 628 698 186 681 304 696 631 424 772 772 387 219 361 725 938 205 140 349 766 281 787 322 918 541 564 820 964 282 701 901 881 656 6 930 706 839 640 25 228 176 230 536 669 972 950
945
755 361 508 134 661 420 442 12 507 563 581 373 284 885 412 682 169 906 639 841 795 759 990 202 84 764 239 727 801 378 551 260 795 358 1000 549 272 999 628 67 969 199 275 473 969 709 406 493 537 245 713 230 120 859 826 163 731 591 424 545 246 179 429 167 424 78 514 941 99 924 331 76 501 684 807 903 935 629 393 644 264 277 46 6 613 893 634 83 25 631 179 498 359 700 623 739 752 748 495 74 887 528 299 106 127 87 637 792 614 374 89 130 363 181 325 0 199 387 357 138 400 447 892 550 370 436 168 61 525 914 661 987 22 149 491 906 721 509 942 294 964 309 597 417 35 196 652 874 154 385 881 281 998 265 109 143 517 236 560 911 809 881 868 939 848 841 139 595 977 338 304 828 843 480 240 949 805 71 815 653 565 709 2 283 720 300 855 321 915 35 155 581 617 411 82 816 73 367 194 998 437 464 460 136 518 879 543 655 73 467 675 217 449 588 320 272 845 694 137 76 950 40 787 523 378 596 886 547 468 141 157 116 676 952 287 264 779 333 436 550 70 576 161 139 766 451 979 631 59 16 703 816 39 486 0 702 79 27 624 310 469 843 662 719 202 830 615 368 907
381
201 647 26 691 614 96 938 755 104 625 308 824 541 259 178 240 44 790 973 412 572 332
858
138 693 157 403 470 275 584 346 349 676 220 416 905 411 76 353 589 544 369 37 269 663 343 967 147 698 127 626 149 505 270 364 737 995 233 528 214 356 545 854 230 975 843 33 502 780 415 415 874 225 20 412 968 843 223 237 437 627 295 451 202 91 965 382 886 356 46 230 542 432 748 280 714 565 789 649 898 634 820 866 633 964 628 133 472 570 430 19 187 231 235 210 387 954 523 772 479 843 639 785 884 312 78 74 540 897 249 372 416 693 817 861 365 845 728 988 734 533 776 773 31 937 809 259 410 874 548 636 351 786 650 697 7 876 257 209 167 319 10 279 639 886 231 779 728 601 520 73 644 104 721 469 389 99 467 30 18 398 493 719 69 358 260 220 854 774 598 566 726 824 490 617 38 76 59 935 469 143 961 111 163 301 957 625 695 712 731 500 652 160 426 602 583 199 940 470 523 73 581 200 571 531 794 766 600 249 396 577 248 73 520 942 698 341 787 378 510 162 922 106 649 710 245 978 937 745 489 617 223 479 971 63 315 782 516 666 694 850 128 858 809 64 663 695 118 339 92 247 915 568 294 989 273 330 386 55 301 456 373 874 575 830 125 685 647 322 376 191 592 162 963 163 476 279 330
510
607 544 431 792 116 264 547 741 651 673 99 89 175 153 160 757 362 834 937 533 368 253 106 673 87 852 584 734 598 275 718 336 82 390 125 88 57 620 108 290 964 520 819 311 342 694 571 645 557 290 946 288 832 760 263 481 483 275 942 484 931 926 557 29 278 476 929 157 742 116 805 496 253 482 763 206 583 417 271 335 253 586 754 72 147 204 22 179 179 268 666 84 109 625 732 237 470 451 615 921 794 742 241 561 421 918 637 252 253 780 234 509 695 539 476 81 168 613 182 520 362 265 241 684 755 532 944 677 439 445 572 317 501 604 970 416 810 549 747 887 655 282 456 122 93 112 386 764 638 904 318 996 163 544 267 460 80 109 314 805 935 381 706 618 515 81 298 982 306 821 984 268 323 393 167 500 605 958 899 143
267
40 341 857 826 911 125 625 214 66 88 14 82 145 92 997 305 652 359 410 888 652 481 246 324 981 562 252 995 65 492 790 664 397 411 26 773 3 506 53 752 396 917 141 815 812 439 686 969 762 936 861 903 217 824 481 3 215 194 495 504 934 529 407 346 221 438 752 256 412 715 705 167 130 730 611 522 416 986 100 20 728 556 582 851 354 171 814 960 774 1000 661 724 203 994 695 210 291 584 825 951 86 526 263 616 553 858 19 307 575 816 865 636 855 906 930 577 562 447 966 899 544 717 614 161 418 395 894 272 618 434 338 476 422 860 145 241 473 4 251 662 806 367 61 397 458 149 434 524 421 967 463 206 108 629 522 707 868 111 521 600 860 699 925 48 88 711 424 617 121 454 581 780 130 330 118 61 842 932 726 731 542 847 813 390 177 238 541 343 327 750 930 436 353 648 451 621 260 28 276 23 53 671 485 774 869 721 457 438 134 567 723 211 525 597 747 3 504 444 521 525 191 296 506 876 936 277 237 259 639 900 931 686 452 481 974 292 207 860 285 601 106 325 569 677 554 699 364 481 756 836 587 242 70 449 649 328 536 47 235 241 552 150 52 826 931 518 65 832 33 447 956 340 48 85 488 112 399 787 366 533 487 665 1 349 185 948 444 805 252 407 485 85 777 991 114 285 284 22 816 663 687 667 456 52 78 623 750 220 225 77 541 545 100 561 248 850 263 671 370 912 284 403 144 672 958 320 857 374 653 612 803 603 169 148 203 517 975 355 253 498 948 309 274 44 290 336 433 482 980 641 319 268 246 807 810 2 276 318 814 218 800 647 428 250 918 96 156 343 310 952 668 72 103 303 406 209 853 157 876 260 716 94 933 384 451 422 285 111 490 921 258 608 490 82 616 401 414 598 356 252 973 965 721 203 418 551 499 363 112 473 88 160 923 333 140 462 399 415 411 159 989 611 970 958 387 931 755 899 794 502 412 722 585 498 502 845 360 284 168 762 631 528 108 815 370 482 273 544 655 361 335 555 160 232 546 963 234 848 622 77 81 558 527 543 158 221 708 382 176 211 213 134 95 871 242 575 265 572 742 394 63 616 803 451 257 712 574 258 901 555
132
501 935 61 38 811 83 108 854 909 40 318 36 125 775 593 859 9 472 559 177 762 12 55 575 479 119 878 349 475 150 665 201 967 544 44 753 88 15 412 171 180 670 748 501 924 238 242 787 588 720 161 486 511 54 551 226 704 980 585 291 777 683 348 216 525 808 692 310 696 814 732 608 957 662 329 286 167 0 740 769 798 449 515 466 245 867 149 187 773 897 212 897 993 523 295 790 642 728 754 111 239 755 475 714 986 507 31 955 972 50 370 166 43 294 648 970 977 600 928 174 921 753 841 911 301 183 604 80 553 533 830 603 212 704 825 641 352 910 723 508 804 776 818 97 905 905 280 708 209 205 487
424
373 126 700 639 636 65 990 167 469 16 226 432 527 847 917 190 454 813 676 525 825 224 30 201 992 782 504 976 901 132 62 579 502 208 40 920 434 419 375 965 909 56 220 643 450 45 281 83 514 214 332 537 285 778 105 838 879 912 309 401 190 89 674 506 266 259 285 554 720 626 614 893 868 393 577 665 603 950 879 413 287 791 527 360 849 629 472 677 170 894 888 442 244 924 213 269 633 811 596 716 957 2 270 390 475 613 508 278 172 603 812 351 744 543 621 298 677 453 792 157 74 379 46 308 435 920 604 455 446 840 42 279 27 852 429 709 875 430 90 84 274 914 646 477 356 881 855 124 165 371 954 726 205 104 244 491 727 276 456 153 70 691 231 393 929 855 513 861 197 422 232 390 921 783 925 538 793 742 339 150 693 4 757 874 340 44 952 501 233 709 652 112 862 193 117 744 213 228 865 844 277 480 976 671 800 79 760 179 566 748 915 405 406 628 19 231 325 841 113 509 617 488 323 214 727 257 582 35 240 18 230 601 817 466 290 244 841 409 253 1000 377 669 766 978 548 623 866 13 463 995 365 569 434 222 688 993 648 265 945 956 845 912 408 709 948 432 353 823 963 503 598 765 733 48 855 294 908 814 53 853 924 126 806 726 796 973 397 80 271 132 370 5 912 659 207 322 731 623 21 28 79 695 91 872 758 995 299 411 809 615 860 545 531 478 522 631 952 199 227 891 139 773 673 642 438 399 624 90 349 537 672 369 597 508 604 975
452
57 90 382 793 924 389 765 56 778 250 337 839 652 576 256 777 684 86 595 90 717 335 312 91 610 271 410 148 194 865 262 449 898 286 186 76 679 83 419 96 938 727 4 531 967 86 225 844 225 355 895 151 783 861 196 415 181 5 986 895 315 633 965 21 778 253 743 721 3 869 839 322 128 439 723 24 411 565 557 751 406 858 20 701 506 402 621 21 710 106 774 281 696 252 138 828 550 294 550 990 502 753 151 953 240 260 778 397 588 756 313 941 825 653 860 370 26 714 569 978 353 161 627 484 608 554 615 206 74 161 310 636 207 406 694 122 588 634 843 146 760 939 788 909 549 525 515 642 752 943 909 652 921 295 508 818 777 724 156 345 755 163 266 206 843 216 30 332 761 330 492 94 639 536 696 429 684 15 56 581 321 734 162 414 717 336 572 196 95 761 409 406 177 764 522 380 165 16 430 217 26 533 705 290 381 296 942 522 999 638 287 355 271 968 108 716 162 222 176 285 955 344 386 29 419 197 710 352 149 480 991 190 830 880 345 303 398 247 70 836 704 966 945 915 657 415 470 388 185 43 585 714 574 387 747 312 660 792 773 856 259 281 731 351 169 871 409 465 489 253 272 534 482 744 107 203 969 283 590 618 847 722 630 429 665 6 235 468 88 319 905 381 867 805 126 711 806 790 550 335 920 232 541 279 191 796 985 840 676 928 266 406 846 658 275 207 437 455 63 712 849 733 664 731 13 175 75 524 544 779 596 828 446 43 372 889 823 588 44 142 973 452 120 108 667 524 467 370 700 23 682 403 347 224 565 472 39 368 132 842 307 190 849 836 565 209 819 4 610 175 181 365 372 125 954 149 575 214 275 627 803 516 97 164 759 708 931 404 815 182 158 892 214 492 89 976 586 445 390 459 71 587 702 36 149 966 647 286 922 690 914 29 186 136 96 890 176 372 112 334 346 150 317 422 245 408 345 670 34 226 278 913 33 636 580 584 607 488 921 671 447 505 547 283 560 572 208 982 776 531 325 841 347 977 476 894 699 999 616 854 495 340 116 274 366 731 783 996 647 578 641 140 294 987 617 300 113 40 401 160 104 577 241 411 602 414 74 924 845
926
432 600 483 830 559 371 91 871 527 180 683 109 728 844 354 680 772 948 426 264 212 912 422 989 191 71 458 820 294 540 699 341 846 72 120 674 533 189 922 406 745 588 949 228 565 928 211 41 999 588 76 219 795 412 207 42 930 100 416 569 713 343 233 119 76 631 437 801 474 878 904 662 550 221 823 926 830 614 861 674 649 730 899 470 552 941 162 896 15 753 218 106 191 398 312 432 842 582 290 832 666 777 658 369 861 426 26 165 839 853 256 965 35 317 105 779 986 925 623 775 931 796 433 139 438 281 583 978 178 649 195 923 184 846 933 146 179 623
776
901 983 497 900 103 846 473 941 495 211 574 713 946 735 855 761 986 86 123 62 848 717 376 155 69 664 839 79 708 855 949 444 915 713 71 71 174 665 136 368 617 854 329 369 121 560 0 869 945 189 297 535 812 806
104
154 506 641 348 368 587 274 728 225 258 988 343 546 872 227 504 576 214 102 779 146 514 508 163 729 938 85 125 384 318 880 689 467 729 429 242 952 561 624 303 198 121 869 656 391 748 840 845 135 390 528 523 567 669 668 941 663 458 605 664 326 48 963 988 570 909 716 763 625 451 461 500 534 177 400 38 72 71 749 713 928 481 972 166 364 439 725 444 474 69 891 117 608 210 223 463 290 772 82 857 56 669 851 717 316 901 364 141 930 73 948 693 640 999 864 186 172 981 873 7 930 34 166 646 565 964 373 35 104 999 552 411 444 4 352 521 777 316 823 520 178 133 59 366 11 35 811 299 415 706 948 653 241 3 793 408 752 188 237 832 847 174 476 987 371 369 131 88 399 956 535 939 944 383 738 81 579 446 133 822 265 454 752 106 419 556 428 807 364 441 88 752 958 837 384 630 738 230 825 51 572 131 64 723 830 0 316 510 72 973 409 280 591 693 249 859 781 203 517 618 726 564 976 453 462 455 610 719 784 885 919 463 204 877 10 728 172 776 791 718 101 616 615 138 614 787 62 121 648 877 271 546 453 647 316 917 840 463 430 438 183 485 388 980 254 537 6 220 431 779 189 503 646 273 871 59 849 687 158 755 791 776 865 535 501 840 468 815 252 947 203 9 254 174 554 222 396 873 160 709 886 80 540 631 672 277 42 951 433 719 620 3 757 15 367 691 398 70 260 510 180 386 254 183 760 443 671 688 783 794 534 831 942 359 181 106 115 7 914 208 353 245 610 319 508 939 952 127 988 801 994
212
78 859 552 457 91 563 319 586 618 377 96 370 316 820 111 290 554 128 464 512 887 124 575 294 748 294 240 368 287 490 341 630 352 638 958 815 608 516 812 45 93 766 344 785 505 415 327 561 244 535 423 441 993 806 661 558 694 345 219 468 363 933 960 241 521 582 957 639 650 330 561 972 500 735 104 304 397 220 368 429 616 112 764 360 215 898 650 705 33 829 157 757 174 798 240 201 969 604 502 45 331 238 771 935 854 999 940 673 731 360 46 862 431 718 760 185 283 573 949 209 810 463 290 692 808 155 828 962 408 4 436 918 5 302 758 689 688 714 447 521 748 353 852 981 821 588 331 889
37
329 745 59 766 792 152 954 858 715 168 825 866 581 305 322 961 655 333 908 378 661 971 231 450 482 664 379 695 578 661 44 675 896 473 735 205 31 967 582 122 129 396 191 696 469 806 492 48 398 703 126 119 328 222 717 456 162 207 169 15 214 707 782 929 454 446 639 273 778 480 700 262 8 427 659 692 244 301 704 539 266 188 431 564 591 153 30 252 7 874 583 217 674 584 532 116 899 446 762 993 462 727 387 939 894 696 812 539 176 250 108 647 979 15 959 96 155 408 515 759 81 934 81 695 456 498 279 455 177 864 711 128 585 498 730 390 823 739 111 947 758 623 702 42 621 721 314 33 427 383 705 152 195 235 661 180 832 821 663 188 370 973 914 195 788 526 836 357 797 124 610 523 101 161 978 397 704 458 759 295 218 53 888 76 964 444 220 304 20 972 276 240 526 724 405 887 503 737 480 516 475 709 345 65 112 763 749 81 951 748 261 5 655 233 455 744 325 800 967 551 721 363 606 466 167 860 225 309 665 885 871 243 699 697 850 237 967 421 613 124 636 667 838 508 468 198 473 894 398 537 793 898 338 642 491 175 536 648 754 430 589 937 541 458 257 27 396 264 120 337 460 86 972 37 357 291 977 724 774 303 975 334 902 735 416 859 790 496 940 184 114 119 589 168 737 568 503 312 124 942 629 64 313 76 701 493 485 344 712 637 163 394 582 478 860 793 682 291 538 697 323 635 31 609 607 266 332 385 392 446 799 237 853 363 923 29 390 463 183 686 271 188 786 273 183 361 842 393 754 861 170 153 947 525 656 118 54 831 429 168 380 372 96 468 725 418 173 742 284 852 605 651 517 363 705 846 234 653 297 202 401 929 466 336 214 812 740 542 451 936 29 82 637 33 874 254 902 456 692 579 259 559 648 188 894 933 498 28 387
819
73 317 79 81 770 645 690 133 850 961 442 931 982 856 219 720 876 576 473 596 468 676 770 90 678 249 716 875 985 27 127 591 684 16 976 114 269 333 648 758 808 11 844 633 209 314 131 213 979 217 55 207 109 101 513 283 304 62 585 980 838 867 589 556 210 546 578 79 198 832 542 163 866 540 634 576 193 687 81 863 375 910 196 874 660 334 872 926 664 87 178 205 195 102 88 296 479 798 616 573 924 598 817 298 972 718 296 200 887 252 561 937 592 308 877 762 352 460 764 427 269 724 411 856 939 638 137 619 554 102 64 198 985 770 985 872 32 460 422 618 895 480 898 273 30 826 760 889 628 185 13 128 213 51 796 475 384 315 605 79 807 839 277
953
296 275 479 422 40 277 385 209 647 808 528 864 503 651 169 294 565 702 72 109 742 669 684 867 108 604 978 396 695 14 618 318 19 131 547 914 994 352 417 95 436 407 690 891 362 806 770 85 628 977 732 233 940 259 111 224 282 667 867 646 738 789 22 670 205 496 590 801 615 412 533 633 433 153 703 479 636 198 556 9 859 870 896 976 295 338 756 580 270 665 501 446 554 953 615 286 747 495 367 913 43 745 640 302 537 461 524 94 724 21 926 108 668 873 453 733 85 922 741 24 681 339 322 735 234 486 608 583 930 101 60 818 138 602 227 31 175 562 986 620 233 231 137 639 137 285 834 44 197 523 715 404 230 325 350 363 108 342 602 892 202 436 501 300 699 292 494 181 711 870 516 216 227 651 378 282 798 261 572 387 724 478 463 838 342 65 132 279 941 917 108 238 773 173 577 148 707 417 446 86 618 552 94 708 996 741 360 688 410 537 953 340 284 54 814 635 392 499 146 337 248 62 213 56 90 702 775 2 310 272 788 566 405 48 113 131 377 443 237 491 901 601 633 702 743 229 67 585 500 555 917 873 88 527 250 686 604 93 107 638 224 984 201 94 921 333 95 499 586 909 894 13 897 473 712 198 761 404 904 143 789 996 319 407 850 412 398 211 511 195 339 912 936 721 779 451 944 596 394 162 282 507 362 300 786 995 62 480 66 156 178 210 19 950 931 640 576 324 756 299 773 590 589 411 675 541 775 872 902 70 993 21 8 246 926 780 778 219 72 611 144 929 17 103 48 972 554 942 312 31 367 191 201 811 65 920 881 680 725 80 260 191 277 824 385 455 344 115 636 834 379 96 316 501 128 260 792 160 281 681 857 268 293 604 169 236 674 558 202 186 826 967 702 44 828 275 992 599 246 623 551 982 808 473 427 471 775 193 888 76 12 367 359 254 517 894 154 138 197 522 646 219 19 905 901 127 467 172 181 728 629 611 548 620 740 242 89 268 166 161 19 167 355 828 827 110 514 993 908 974 75
290
983 84 732 360 342 436 956 44 819 312 516 435 459 544 386 11 325 398 600 503 550 696 759 552 856 618 5 300 234 717 580 957 777 962 817 929 733 955 257 171 145 325 309 756 685 182 5 576 522 140 820 128 391 949 618 743 122 35 673 675 125 120 685 526 27 933 420 10 236 164 893 150 829 166 819 837 23 927 434 961 696 232 773 673 10 833 582 317 158 199 422 132 827 329 298 26 752 989 322 389 280 777 56 200 58 531 21 144 553 713 467 685 568 936 438 414 969 534 823 399 481 484 712 726 385 683 910 251 193 364 484 440 700 324 80 513 574 341 8 703 32 965 863 337 258 498 128 170 378 111 886 620 228 476 607 38 988 636 356 473 521 915 324 192 626 576 86 196 311 753 757 802 567 207 403 112
752
725 356 630 464 155 915 810 957 6 939 871 496 903 495 369 168 413 921 969 625 432 733 15 206 605 635 537 519 516 256 396 907 557 417 927 858 674 234 855 358 125 368 4 156 390 433 420 556 22 405 495 284 135 579 484 474 152 33 272 751 91 784 616 695 229 278 607 483 929 792 172 571 599 87 617 979 733 228 968 710 887 14 700 465 14 770 87 737 857 323 337 23 185 959 606 825 744 787 784 846 573 776 305 889 305 114 902 151 753 83 498 294 923 20 783 899 129 982 379 532 420 758 351 341 200 697 163 505 755 965 364 55 560 228 201 784 546 631 774 428 901 645 70 266 539 54 645 890 41 297 837 40 752 716 230 347 189 370 543 815 53 72 733 214 404 548 272 95 673 386 920 608 882 27 430 460 754 699 527 985 122 909 94 32 633 372 941 737 761 385 901 976 55 58 61 565 439 497 463 962 377 335 767 514 743 653 462 939 731 955 896 208 894 665 651 870 895 319 970 623 451 643 888 752 141 101 340 989 434 336 695 437 968 617 568 436 764 14 212 210
267
833 28 601 776 410 645 513 53 418 448 752 923 215 93 698 477 370 532 208 892 851 607 413 119 251 478 488 481 194 460 121 503 654 35 271 55 832 492 481 269 454 414 6 748 587 482 805 113 622 30 927 719 513 490 985 920 89 185 765 20 698 979 137 9 780 642 626 458 820 823 370 807 602 429 794 465 576 437 249 871 125 607 41 841 886 240 670 160 916 313 213 790 712 654 902 471 717 693 70 761 369 192 820 278 941 238 286 32 580 534 442 367 51 221 156 762 931 236 532 269 534 460 614 861 869 762 32 167 91 757 547 882 207 444 18 179 812 663 245 379 262 662 279 91 801 446 700 381 84 480 818 856 574 323 873 541 927 755 333 367 191 81 854 3 569 554 851 180 599 793 348 272 575 256 78 450 730 972 472 624 936 458 789 6 467 28 831 430 618 924 146 3 982 468 197 119 923 86 151 994 513 68 486 827 484 709 576 335 67 758 637 549 983 402 197 338 973 849 891 213 302 447 794 457 354 137 567 208 120 601 392 748 624 307 522 744 419 754 379 32 200 750 79 395 733 198 650 751 898 906 669 248 512 788 323 182 137 356 300 666 734 335 177 610 739 955 16 520 701 258 599 397 105 969 982 944 397 513 840 461 704 102 131 462 589 371 599 766 69 217 299 649 11 429 423 27 332 434 819 77 254 566 107 416 303 754 487 878 160 683 717 815 638 33 407 974 494 306 127 651 817 759 327 846 345 541 176 226 85 824 603 292 343 146 633 467 738 441 348 904 960 851 671 145 915 392 779 720 30 402 87 668 701 743 451 493 427 710 936 50 328 322 762 294 596 662 717 750 812 824 497 36 568 966 692 391 281 202 866 385 724 63 857 41 822 820 265 428 740 487 253 521 815 46 819 448 999 176 647 574 962 807 898 908 291 561 113 170 331 86 404 918 855 591 426 79 859 194 997 168 940 887 542 845 80 388 480 251 634 485 56 625 752 315 104 829 297 37 921 990 722 555 729
838
983 399 523 222 942 746 989 332 706 147 150 241 532 869 464 708 452 754 576 710 281 979 904 546 730 862 112 256 226 285 620 433 953 899 165 371 460 388 593 213 736 718 485 514 132 348 896 717 230 88 924 770 378 222 257 577 52 553 87 457 309 843 97 410 899 797 142 848 333 614 825 48 434 181 535 609 726 460 220 369 11 17 628 591 219 605 642 49 307 160 113 761 673 60 688 7 133 665 363 682 680 235 640 361 172 413 72 924 339 327 504 207 496 19 403 160 121 772 268 700 86 722 862 542 183 183 476 327 814 868 521 204 970 101 33 471 72 460 271 633 571 692 438 899 554 369 209 859 354 6 547 741 9 455 275 705 838 686 716 444 332 369 209 688 368 872 518 739 898 859 529 556 545 31 667 565 414 520 280 246 797 135 986 441 894 83 57 723 350 646 799 378 295 889 348 652 916 876 211 749 378 896 459 425 27 552 592 745 779 57 641 10 39 792 202 677 982 934 791 149 624 658 883 540 739 638 76 609 85 29 716 1 519 472 323 498 611 927 920 636 83 505 840 632 407 227 190 616 197 711 656 58 37 733 847 409 705 325 607 62 862 183 155 774 938 737 976 619 494 39 882 0 202 269 92 828 607 419 698 909 199 863 853 406 391 389 553 309 877 728 614 987 438 564 25 572 598 443 360 873 149 475 423 54 935 591 861 581 244 794 446 25 494 516 927 545 109 539 378 738 357 121 615 167 619 75 851 566 577 118 66 22 909 511 403 559 229 116 517 413 641 990 484 516 407 502
161
525 446 182 50 108 750 25 917 110 674 759 99 95 74 354 398 592 668 233 970 806 335 170 564 531 435 466 449 630 167 696 841 838 103 93 620 771 43 408 333 143 350 165 822 572 123 734 785 818 406 800 88 306 559 168 572 324 482 591 592 9 666 170 799 507 405 698 167 295 621 384 269 381 524 697 209 859 811 294 902 498 302 576 149 567 589 670 475 848 845 676 725 661 83 66 33 643 984 34 158
991
387 387 917 125 361 847 867 373 697 739 567 351 676 765 615 522 964 802 201 395 335 660 91 585 723 361 425 394 280 621 94 948 395 701 608 667 182 113 391 942 630 253 198 381 244 699 329 431 106 664 996 906 120 66 565 705 782 916 997 180 813 735 926 85 21 743 526 459 667 122 733 410 489 210 822 188 17 410 277 666 540 835 937 533 441 582 370 503 885 977 999 549 587 927 207 947 516 830 606 383 71 888 853 490 740 205 252 613 93 636 634 926 606 914 827 901 311 982 763 768 495 623 653 142 284 234 847 914 122 912 107 797 426 982 18 162 230 338 617 502 509 456 934 209 354 196 742 147 37 897 422 81 840 504 944 314 95 456 745 718 54 822 257 850 781 2 831 358 507 599 322 282 522 644 535 630 369 596 447 90 603 112 342 804 469 45 881 374 289 249 671 723 766 1 59 759 144 984 995 354 713 2 74 672 828 329 454 68 92 453 558 541 323 421 619 498 987 808 540 34 398 614 155 209 409 500 197 61 386 343 885 280 836 904 896 707 896 541 711 547 695 693 206 84 316 163 431 176 274 890 785 29 781 357 563 607 191
315
53 834 276 422 92 711 107 533 109 727 200 128 176 704 915 984 144 980 528 646 998 241 56 761 540 97 859 86 751 340 715 206 299 82 143 567 695 389 562 33 510 710 730 301 827 328 348 554 977 743 913 918 313 404 344 965 817 627 846 63 926 726 409 355 238 43 580 415 668 992 598 249 631 320 918 797 883 616 97 455 939 955 360 182 986 292 164 760 640 46 423 397 655 115 671 764 992 337 596 98 986 76 407 306 367 411 153 287 188 139 239 305 845 326 5 869 413 193 3 700 365 63 740 482 787 305 815 698 552 151 606 537 136 196 641 990 971 593 35 53 246 641 26 218 239 510 266 515 96 811 138 173 403 123 44 409 175 453 93 511 283 365 321 10 322 562 198 984 167 22 191 406 607 758 17 254 329 506 869 789 759 360 531 158 801 54 271 450 232 386 580 404 476 437 615 633 13 722 689 284 651 653 102 982 163 160 545 337 349 603 427 944 540 235 807 567 827 960 685 447 408 895 150 559 867 681 708 864 103 946 131 451 46 53 460 225 143 902 519 732 286 713 186 416 942 587 523 808 581 635 213 808 99 830 853 601 362 850 741 278 122 246 4 393 544 299 803 576 652 130 235 620 55 904 955 23 399 124 74 574 440 114 612 975 727 129 87 85 119 857 798 888 685 715 364 939 797 280 613 639 238 232 88 208 490 655 97 843 956 665 249 9 554 983 759 355 95 551 159 520 68 305 606 736 124 911 927 955 608 149 498 651 661 163 559 292 669 247 165 521 859 431 82
83
452 817 748 881 267 802 348 145 707 850 785 898 443 139 516 886 908 507 29 593 640 999 55 146 787 166 746 911 607 113 160 550 633 206 24 580 793 861 53 882 437 414 354 925 593 941 134 355 779 258 175 141 837 60 700 170 120 81 896 250 150 828 463 935 129 756 674 578 54 609 542 386 865 689 535 380 686 957 405 709 72 497 862 466 644 888 268 545 312 882 649 433 675 480 624 674 970 385 169 971 107 445 883 871 322 402 393 357 546 631 469 812 537 251 663 398 313 866 836 671 113 282 455 237 908 292 56 79 786 481 520 758 313 890 553 745 175 311 243 837 989 718 50 178 573 539 492 555 185 359 908 551 442 734 667 399 78 338 833 780 638 708 928 173 765 46 408 18 765 464 460 73 715 641 716 290 353 747 778 615 421 607 339 849 992 343 105 976 312 303 973 932 160 254 715 963 261 757 801 178 198 146 504 756 668 762 483 185 826 152 482 342 636 307 301 625 149 742 136 545 529 851 348 276 791 11 672 396 63 106 977 385 684 489 374 669 635 328 108 527 989 161 197 308 996 553 707 59 182 477 260 222 823 622 534 78 805 592 357 363 234 802 512 261 251 384 835 930 552 873 109 601 525 501 663 542 664 751 617 737 257 558 506 331 115 9 335 759 523 121 405 437 644 578 226 359 677 131 434 1 734 907 857 351 974 881 904 858 509 543 896 617 865 722 231 486 563 266 295 228 733 921 775 452 391 354 830 101 711 366 999 349 566 868 644 81 956 886 14 134 416 412 190 475 853 882 467 823 565 996 330 215 520 454 350 167 228 109 309 193 298 756 345 830 496 360 142 671 584 122 920 959 171 702 269 920 309 412 371 74 305 637 534 145 271 180 646 280 168 603 613 327 115 499 905 981 314 621 100 745 672 976 941 336 964 671 196 961 445 584 367 620 768 307 604 697 793 754 381 670 886 877 790 280 553 929 557 894 111 48 632 703 134 445 895 975
804
126 588 583 155 660 472 96 733 679 786 544 459 680 700 783 711 946 782 716 158 194
875
269 278 102 807 475 928 173 526 334 902 753 634 648 380 327 453 973 443 96 976 377 775 966 1000 828 917 779 855 754 776 460 357 417
710
269 601 107 673 712 755 428 393 772 285 636 520 36 412 931 432 899 256 827 119 445 811 357 952 821 981 882 158 853 853 152 735 810 987 249 959 887 867 192 462 241 59 645 529 626 775 913 15 608 784 763 104 694 665 692 822 597 158 127 262 175 997 366 394 54 196 66 645 813 883 228 527 388 358 992 804 835 66 240 323 166 618 221 709 702 440 467 899 507 191 251 433 34 544 429 60 555 825 646 914 354 887 664 315 136 386 880 510 665 54 477 127 551 369 331 564 67 35 409 197 263 924 413 486 167 850 854 720 596 189 244 602 651 151 488 746 576 794 395 291 709 135 709 160 301 176 815 333 180 469 342 956 466 804 395 929 32 890 492 904 225 946 245 317 367 572 3 757 900 602 110 305 476 776 947 883 316 783 938 237 6 711 50 106 681 911 52 958 376 812 973 771 601 226 16 78 120 337 114 950 560 876 252 689 26 914 143 473 485 697 728 9 870 877 644 867 953 346 966 715 885 218 431 645 872 651 843 670 77 797 914 380 188 43 442 184 697 831 208 403 471 774 573 424 763 787 367 972 359 978 246 459 502 533 752 293 519 388 352 481 337 861 351 323 384 527 248 900 605 570 486 900 738 819 587 626 422 370 844 978 429 721 42 577 869 598 277 282 806 717 17 668 842 139 297 503 60 944 347 755 548 676 367 95 1000 181 277 553 682 677 585 269 522 76 875 858 469 507 693 389 614 360 260 297 186 384 657 547 154 504 510 131 728 256 578 525 751 64 21 943 972 498 953 471 97 305 415 360 306 19 308 802 536 480 90 663 760 968 87 47 901 967 52 585 611 288 481 346 148 882 751 576 324 248 656 504 312 391 300 14 41 153 388 289 491 32 599 25 267 38 773 861 187 834 468 444 487 19 463 680 859 327 731 315 406 942 894 867 70 966 989 215 433 804 8 167 139 901 789 114 809 907 983 785 464 29 962 567
721
151 73 917 195 799 923 137 49 108 169 435 219 684 880 878 64 13 386 749 286 89 579 150 656 143 309 496 961 749 858 150 876 87 258 679 683 944 44 565 170 732 699 544 71 262 229 698 433 458 857 278 280 581 123 628 663 588 80 351 174 359 29 961 116 81 976 761 673 578 381 51 147 350 220 976 40 695 540 148 561 462 378 327 830 889 416 309 390 291 611 346 352 17 623 651 776 957 874 467 957 442 702 229 250 139 541 365 908 524 811 602 858 621 299 44 15 655 382 806 652 215 915 869 547 402 86 503 713 335 577 707 377 886 305 442 10 46 173 193 133 78 929 443 341 861 906 440 820 276 671 10 687 204 518 221 826 993 339 0 25 490 219 966 390 679 31 92 157 995 162 991 614 172 198 998 553 856 748 809 205 106 649 39 265 958 218 870 190 470 630 720 850 53 909 619 790 851 948 235 889 225 775 373 695 731 620 327 441 225 808 32 547 952 67 165 94 488 364 398 436 699 456 514 789 52 879 428 881 308 452 939 435 144 12 283 420 773 689 80 607 730 569 315 538 922 84 437 378 536 717 595 165 110 602 495 55 283 273 191 981 609 983 901 500 461 54 859 583 594 759 693 116 552 685 353 513 429 847 608 664 149 339 744 160 263 902 437 543 353 493 754 132 462 896 565 426 350 885 781 561 771 866 189 397 543 182 335 372 40 4 739 789 962 211 536 361 164 102 30 953 571 805 657 472 29 712 194 329 569 365 67 916 354 80 316 883 710 592 450 350 713 953 145 404 851 990 514 384 452 569 914 541 54 142 595 285 50 427 330 176 341 571 323 115 273 462 352 36 525 749 18 556 134 840 922 838 88 279 947 609 821 827 263 546 146 466 558 811 749 323 230 467 544 974 957 256 387 954 881 636 757 942 744 441 549 474 222 633 505 551 716 21 249 420 975 720 394 721 389 19 754 104 877 932 470 850 105 361 66 587 430 910 280 568 29 277 755 550 528 685 208 83 336 127 703 365 737 136 593 520 528 935 571 718 743 283 333 740 610 346 530 58 973 495 485 605 399 196 760 522 589 860 179 627 775 174 418 436 195 500 188 440 678 896 318 235 366
126
279 546 129 307 388 603 340 423 71 609 245 423 530 530 284 599 887 677 712 404 467 14 441 838 919 597 46 105 981 970 236 937 314 354 821 813 334 10 298 214 241 303 355 43 756 400 819 888 299 251 323 750 498 507 354 117 218 109 17 972 542 177 370 816 767 656 463 273 149 994 216 915 708 85 911 80 960 356 42 190 847 717 249 874 625 169 797 269 577 508 468 792 295 704 256 673 557 678 670 205 406 585 242 828 801 233 895 787 152 1 486 670 100 335 427 665 192 550 888 998 128 379 540 612 473 995 52 422 41 235 910 768 772 380 78 925 809 997 463 929 369 372 480 550 752 371 916 802 308 668 553 993 627 984 631 28 795 736 406 586 744 141 689 359 379 651 153 998 601 151 888 804 21 901 85 263 782 936 67 610 494 738 680 198 75 260 508 785 947 273 932 373 524 904 811 583 683 153 640 129 385 540 272 837 789 369 156 321 456 414 646 776 516 103 607 441 119 757 116 37 302 183 710 588 229 474 842 51 64 397 778 705 242 935 669 399 82 805 571 446 324 382 920 168 394 835 76 613 889 4 48 779 289 623 888 95 683 449 961 544 843 466 289 54 360 354 773 807 51 906 985 179 4 196 220 990 818 128 328 944 951 690 434 413 161 881 466 933 173 406 805 599 734 141 622 277 979 951 562 794 941 285 441 287 955 346 974 680 598 777 462 444 503 862 816 971 905 680 831 251 11 698 663 456 3 15 438 966 949 800 830 413 376 758 708 763 208 59 961 583 622 887 228 90 537 912 205 469 450 85 83 201 919 960 105 698 19 185 427 945 746 353 803 57 933 302 4 704 400 238 526 515 903 429 708 653 453 112 137 968 241 882 74 701 259 59 554 661 109 88 716 532 620 387 680 16 812 115 816 684 927 676 464 415 917 986 720 800 484 17 981 651 129 549 64 555 16 946 428 983 890 413 801 296 148 822 901 159 459 521 544 737 800 857 942 800 693 91 527 609 665 884 429 877 505 872 580 82 988 125 717 923 988 462 50 822 142 10 822 727 715 773 429 387 726 133 983 886 464 904 386
688
975 443 750 444 706 805 722 373 695 62 288 235 477 199 0 604 837 772 322 842 681 887 102 537
755
152 171 419 51 539 477 799 605 551 171 163 917 517 343 341 765 692 635 256 103 926 784 730 862 255 787 143 16 945 82 411 981 412 349 328 916 868 65 350 423 666 22 912 501 334 473 695 943 677 846 960 771 431 185 830 117 320 991 834 122 131 724 342 313 41 367 114 219 237 514 345 95 866 158 189 971 242 327 124 826 620 532 865 825 437 181 583 990 908 860 838 928 974 488 934 865 698 139 507 70 335 944 898 474 356 60 509 471 947 73 353 977 666 16 771 36 569 177 636 92 534 587 894 943 568 579 361 295 820 263 296 640 731 723 880 973 590 825 962 883 630 54 548 115 506 738 958 466 939 174 375 199 850 273 623 469 269 876 789 427 759 268 490 763 174 512 421 723 839 698 112 284 655 495 954 642 179 845 535 33 282 217 322 115 281 68 838 590 146 274 527 866 973 126 589 375 741 806 462 441 363 487 11 903 532 148 41 153 31 488 910 842 916 843 291 252 802 902 66 304 805 64 0 635 636 92 557 459 158 103 357 822 473 689 285 587 524 884 679 760 820 448 224 595 424 386 117 186 876 74 790 660 905 470 185 706 771 382 537 194 159 127 559 588 721 420 400 85 172 374 492 479 95 254 0 536 628 454 482 887 455 0 662 782 785 168 892 342 134 49 347 889 198 753 666 55 569 476 529 472 495 302 447 982 680 887 947 893 133 149 891 912 11 441 573 262 194 499 946 57 958 262 341 17 967 763 653 625 527 130 736 55 638 884 304 558 692 702 492 53 922 847 570 562 234 3 409 116 171 871 459 474 308 334 511 162 54 914 987 670 279 881 210 686 747 873 556 306 732 321 419 340 363 151 236 535 274 35 622 723 420 253 145 680 405 789 548 395 916 46 876 995 432 364 848 154 883 835 821 548 488 172 923 421 765 906 214 770 849 647 889 308 349 833 138 330 946 640 9 762 536 330 209 833 874 442 317 527 726 952 123 778 331 299 667 353 732 11 548 223 896 834 140 638 243 256 445 673 182 55 16 826 49 218 624 701 994 399 107 658 46 239 496 607 300 118 540 879 832 364 216 920 46 652 853 845 143 19 80 23 499 285 181 181 123 258 739 849 314 998 32 924 317 185 190 488 526 808
435
555 667 58 688 719 190 841 657 677 166 919 540 572 341 219 32 62 143 310 693 900 333 571 676 84 475 926 870 402 247 729 623 206 473 618 621 426 970 739 306 822 643 768 247 367 317 721 778 897 703 925 78 206 635 355 713 281 739 712 907 332 516 678 19 801 243 987 949 233 316 809 369 71 646 926 911 251 800 735 438 814 518 598 714 78 19 603 392 691 656 973 648 825 388 989 374 694 26 935 211 820 276 642 115 533 272 99 510 604 157 798 533 862 249 995 672 794 223 933 925 162 97 210 394 150 367 240 475 761 230 683 474 260 751 952 261 134 99 735 697 20 757 731 460 664 919 307 327 467 530 415 205 65 663 191 323 761 776 557 332 876 968 559 746 591 863 640 81 381 297 433 713 707 483 635 737 397 729 963 168 212 590 648 750 506 924 437 778 710 323 29 842 262 186 108 454 262 306 768 581 882 697 790 189 447 55 541 454 847 981 862 460 495 478 356 779 706 579 995 103 172 378 501 418 969 978 623 477 382 349 927 403 801 521 875 908 949 976 677 193 122 333 805 954 737 582 17 860 143 63 418 952 51 79 898 368 699 365 208 900 591 997 306 370 495 208 501 15 463 337 387 53 382 485 873 960 991 19 613 970 709 626 358 207 313 312 966 820 20 190 372 218 706 756 783 252 962 545 25 887 460 714 702 162 110 45 132 712 386 210 594 413 916 359 863 933 399 627 673 668 947 945 227 292 272 891 90 320 248 7 746 228 4 23 730 359 778 123 254 240 711 246 504 226 72 855 929 552 845 506 474 291 527 387 522 234 380 407 911 879 351 253 476 379 638 416 727 984 477 262 481 320 540 361 964 285 995 845 796 36 690 910 123 615 774 38 345 608 388 988 93 50 362 563 277 867 712 607 852 624 983 545 881 557 314 469 564 23 698 535 96 585 381 225 336 661 997 284 146 697 441 462 492 285 233 198 298 39 532 811 996 325 479 173 25 890 438 138 886 977 67 987 503 304 465 974 468 953 255 825
850
306 143 84 108 642 286 175 606 230 14 634 569 205 336 578 644 451 922 34 540 983 87 580 290 595 279 222 197 771 510 982 689 153 567 242 783 561 900 170 927 141 945 727 85 327 229 734 8 47 578 767 61 168 93 856 259 424 671 580 126 282 128 573 622 435 12 997 171 748 54 91 28 721 931 610 604 52 765 465 630 645 586 60 970 272 901 851 914 30 309 893 829 217 21 415 608 569 272 435 581 867 786 511 605 28 168 986 729 409 292 375 518 710 581 452 230 362 882 261 239 856 71 384 548 625 815 673 878 389 607 518 969 261 629 578 634 883 708 300 999 251 828 654 53 989 739 752 898 576 748 313 530 777 342 108 443 571 541 246 325 281 828 250 85 478 427 501 964 577 319 776 134 71 613 775 913 403 864 957 614 555 454 95 368 904 429 232 222 891 458 855 138 897 763 783 892 640 674 491 49 862 457 200 684 681 461 711 986 20 501 842 68 163 773 272 629 723 174 727 925 3 121 773 712 269 247 162 905 785 361 637 501
520
294 884 541 417 872 56 879 758 866 237 933
960
689 826 156 360 143 12 779 894 367 623 858 761 149 199 203 586 583 151 214 292 392 700 497 753 194 985 667 884 761 401 227 531 311 797 114 484 522 727 771 596 650 666 898 642
473
401 644 180 801 237 818 85 40 434 800 53 518 558 803 128 345 614 900 221 783 644 400 277 268 51 712 424 858 309 491 247 207 127 637 93 720 190 201 168 615 42 309 316 165 26 531 809 562 920 355 203 127 514 377 222 925 492 253 230 447 590 158 315 349 955 100 683 21 988 48 142 804 367 98 839 282 585 913 628 984 869 4 456 955 480 309 245 3 657 291 854 973 171 536 190 726 942 595 523 963 762 832 632 802 47 919 802 996 630 635 285 888 111 375 213 670 839 480 564 539 229 461 306 193 194 777 485 335 184 953 561 889 339 846 758 418 786 795 460 829 926 705 58 437 202 576 823 6 106 433 966 21 508 510 469 840 672 497 809 282 625 364 57 902 140 228 38 165 876 232 336 573 129 557 379 196 954 936 392 747 960 22 937 731 400 506 339 111 70 219 537 638 77 271 798 955 903 581 646 834 959 833 340 269 230 361 835 434 441 588 665 511 985 159 673 861 651 726 514 415 745 24 653 408 563 641 988 836 671 91 931 367 382 498 949 813 994 421 536 695 714 842 731 141 953 536 237 848 460 654 804 73 277 686 846 111 172 703 449 518 389 634 526 490 390 236 106 671 934 456 259 170 264 245 757 464 390 401 360 771 533 450 463 72 17 613
956
236 336 589 439 15 1000 267 849 398 962 832 942 995 961 724 525 771 539 378 188 182 201 722 616 17 438 230 942 621 165 950 921 251 181 641 794 806 516 977 543 167 476 661 495 755 44 12 454 741 56 121 136 77 588 680 265 965 703 987 944 535 258 946 172 3 89 904 586 570 940 264 291 486 268 885 749 119 223 386 573 190 196 72 250 622 230 971 517 519 358 922 742 181 478 70 22 483 230 11 460 290 90 340 596 514 293 68 124 139 184 508 331 64 143 11 335 598 490 883 611 686 550 52 784 261 259 384 943 298 823 16 433 849 417 487 177 211 868 805 489 413 471 292 879 824 153 252 614 679 393 915 360 216 915 222 373 324 445 692
265
152 488 675 346 348 724 49 296 338 389 970 177 813 686 416 118 781 684 969 443 598 323 913 606 134 503 66 992 742 581 307 642 588 895 754 228 933 614 103 922 635 309 146 245 533 25 922 9 608 842 84 620 966 120 26 974 487 887 429 679 468 807 234 921 884 689 129 14 562 2 793 299 520 777 283 407 53 612 287 996 100 689 913 178 149 871 482 777 476 645 513 957 145 321 722 562 251 713 847 51 15 429 602 751 156 519 360 199 546 740 935 859 150 587 237 481 438 304 823 160 199 849 530 912 645 279 465 592 250 424 979 468 57 743 173 268 301 737 196 105 264 636 344 623 531 442 58 281 55 353 523 737 428 78 783 558 828 177 942 391 58 433 140 609 977 908 150 944 60 653 922 14 101 541 19 51 127 955 460 267 950 56 351 100 490 955 209 87 428 562 349 250 585 872 817 103 503 755 9 294 821 568 62 902 165 687 984 15 73 361 263 675 371 175 180 464 852 0 788 806 563 53 593 649 652 327 825 291 298 220 131 382 356 768 80 978 191 277 395 461 580 701 819 761 282 198 326 932 879 739 579 850 711 723 728 843 419 33 335 37 370 206 791 341 398 357 679 515 682 447 56 229 247 923 957 108 45 867 394 444 278 180 594 42 96 216 347 930 260 815 804 237 168 467 810 508 214 465 727 315 854 670 673 186 731 946 822 399 539 137 293 249 730 464 207 711 585 166 472 341 621 373 845 414 949 34 126 765 785 350 314 665 41 382 599 866 184 803 369 212 497 307 564 698 661 265 87 184 563 681 301 651 930 586 937 266 622 297 106 405 829 30 780 537 293 701 671 324 659 330 760 836 42 141 494 613 979 777 491 506 545 654 231 586 604 968 368 98 645 953 379 473 402 259 904 678 933 176 1 33 390 268 511 444 267 409 836 941 996 836 156
663
957 917 122 929 80 952 473 2 344 563 471 382 147 324 356 401 358 116 829 428 627 305 103 784 777 425 154 116 580 163 944 163 143 716 318 74 748 347 259 6 425 528 432 750 296 394 591 931 90 916 971 61 211 921 774 687 478 896 308 282 386 482 566 765 888 672 925 506 939 467 824 459 157 459 219 103 215 337 838 318 577 671 982 40 446 306 364 449 395 821 778 262 269 448 681 456 817 648 919 133 301 169 797 929 279 193 342 642 23 8 86 987 531 657 323 527 223 392 798 44 862 561 6 232 299 794 699 600
363
985 39 307 22 714 315 373 838 292 532 613 198 697 822 123 519 308 589 960 435 556 489 635 298 200 606 521 587 855 78 17 584 977 204 511 783 797 828 488 911 469 977 723 845 338 590 291 137 395 585 679 737 584 332 185 326 854 628 716 755 370 225 403 412 395 396 432 261 851 544 703 88 301 452 322 861 209 200 922 470 777 232 155 316 132 111 801 728 185 128 745 796 984 362 467 842 913 501 122 275 641 453 148 491 486 919 64 54 974 318 374
715
968 855 670 681 234 754 558 128 453 577 965 181 760 262 307 57 19 397 453 445 96 277 166 197 60 299 862 240 864 324 234 881 8 817 374 765 347 157 938 745 52 615 801 339 261 161 480 953 543 781 335 918 217 628 324 751 171 74 876 657 159 889 333 425 446 834 577 436 283 577 621 670 579 845 5 282 884 859 429 972 612 840 47 873 192 733 220 489 367 306 840 342 45 935 173 230 132 358 208 454 439 52 507 26 261 936 215 523 222 146 390 185 802 986 959 256 169 61 190 381 738 401 511 84 197 5 879 224 28 823 932 190 311 586 619 248 159 693 480 99 84 713 275 928 468 410 761 539 319 312 23 972 95 586 907 450 873 550 576 341 228 792 67 911 240 206 51 287 331 941 629 549 816 981 627 206 915 183 17 214 252 833 558 402 33 374 166 628 246 483 165 111 910 968 620 821 814 824 778 372 538 522 846 674 313 681 731 870 304 61 115 665 371 389 955 652 116 698 264 461 218 847 397 163 546 487 863 19 240 398 501 718 396 519 614 144 109 876 282 407 764 808 514 572 118 848 638 254 960 473 881 459 758 597 618 128 824 854 466 685 982 86 93 965 128 777 384 999 420 244 774 543 220 840 670 995 371 726 385 195 685 965 649 226 373 512 83 385 258 397 283 362 812 916 910 632 22 666 877 357 887 857 927 644 38 200
414
874 94 269 803 619 672 492 953 731 909 842 427 239 609 380 339 105 220 77 906 834 747 778 456 482 724 107 412 273 214 20 877 698 195 684 850 851 122 397 295 381 621 859 42 573 641 733 736 369 873 8 611 422 988 303 302 741 60 600 652 48 572 686 493 530 935 188 924 310 271 32 590 467 59 369 79 511 572 607 217 159 938 814 622 163 237 89 729 842 64 407 125 85 185 435 755 620 952 102 186 803 679 545 676 576 40 562 223 830 801 360 467 903 656 488 553 781 498 984 861 963 410 533 396 87 532 958 174 779 421 913 559 718 226 657 959 306 334 839 553 189 726 111 727 209 990 293 167 693 175 44 844 784 64 207 180 648 618 389 422 704 703 716 644 789 639 507 86 770 866 144 425 632 881 479 769 641 886 351 896 945 495 349 76 663 576 264 376 468 660 799 817 576 237 249 986 601 332 139 184 373 69 829 44 694 220 821 768 163 796 606 862 989 194
656
904 178 856 762 511 85 264 290 428 535 738 656 788 661 962 325 569 930 105 513 531 566 826 797 194 355 659 488 385 117 45 770 544 419 713 825 19 625 256 161 820 43 520 283 368 485 898 857 553 367 654 412 761 489 451 470 901 857 204 568 921 928 362 105 581 397 734 685 894 324 636 97 867 743 318 609 108 581 902 38 869 198 268 751 772 11 546 635 941 752 516 986 793 117 672 341 767 615 790 946 379 711 390 462 309 577 49 813 805 676 41 595 442 51 778 752 499 499 224 339 422 126 858 761 390 520 395 529 85 748 181 744 386 531 795 987 879 516 795 420 250 882 884 957 678 852 244 131 663 567 868 86 506 598 187 539 48 802 145 110 754 182 217 96 108 776 210 6 776 708 222 908 841 456 14 58 344 663 46 706 280 878 675 411 368 642 233 446 837 261 113 760 663 375 422 263 464 110 526 887 492 225 138 69 449 722 261 560 114 290 410 217 218 552 76 177 62 280 479 249 472 255 157 736 783 580 825 366 301 699 502 638 668 599 328 715 173 460 287 245 878 66 173 94 605 465 421 706 238 425 610 16 529 479 618 714 868 933 847 842 660 105 387 332 667 192 976 918 82 810 170 349 942 197 435 631 207 803 113 619 339 181 472 555 718 568 436 631 602 12 49 185 453 241 1000 1000 470 165 141 209 633 595 217 507 340 790 317 443 589 454 356 737 711 622 36 776 683 355 208 125 881 304 2 9 803 35 137 129 637 530 17 315 696 539 769 836 752 940 71 461 652 101 773 294 837 141 204 74 691 789 752 405 813 764 190 932 381 722 621 236 607 22 413 591 817 652 390 845 8 743 614 661 84 535 342 898 679 533 137 136 562 734 395 834 933 276 217 848 962 461 185 691 54 406 817 802 444 755 189 246 597 782 411
370
141 998 989 776 287 639 15 982 396 249 162 67 162 475 302 382 794 716 746 185 24 598 708 136 312 702 44 862 604 111 147 913 162 45 715 440 55 312 80 245 63 310 914 385 213 860 240 458 399 587 880 401 118 372 370 973 572 775 44 503 871 745 185 290 44 637 720 440 175 606 134 823 85 651 946 563 682 563 679 869 5 650 65 578 627 998 625 712 745 264 763 982 39 392 882 536 424 973 332 453 500 570 374 954 720 992 610 159 603 872 497 236 510 261 837 298 439 182 820 84 592 696 97 973 159 513 423 419 999 782 276 347 218 377 446 794 702 239 261 701 860 320 386 858 254 412 183 335 507 182 215 78 823 241 196 513 331 792 103 465 566 384 188 893 463 310 561 447 267 633 900 181 881 998 806 193 543 940 928 5 681 359 158 14 789 698 802 269 29 326 370 547 742 860 255 953 819 684 494 40 216 169 453 964 430 253 323 579 901 107 280 65 870 31 409 518 895 262 900 668 610 41 694 816 38 328 235 513 793 426 654 642 386 438 274 543 24 94 412 932 191 745 837 182 693 745 717 832 665 548 654 239 888 654 91 326 120 481 81 593 137 272 962 53 981 820 891 551 423 280 213 299 323 350 787 466 512 382 216 991 9 858 144 60 286 360 395 103 239 668 853 754 968 893 149 503 215 366 722 747 896 994 907 809 645 484 80 862 283 965 782 290 644 568 353 88 899 717 559 584 183 587 495 220 714 374 361 168 71 846 119 427 129 931 831 87 944 547 880 23 808 424 85 888 316 346 520 699 348 712 302 549 701 73 847 384 293 784 171 233 745 121 614 74 123 411 603 958 111 211 627 128 677 773 816 664 608 940 505 510 809 89 897 998 592 350 997 258 531 562 813 975 766 655 105 824 388 28 580 898 733 468 346 995 281 262 181 85
46
373 543 596 373 444 320 297 83 33 989 349 301 883 558 834 342 809 616 929 675 519 258 612 511 206 80 86 240 567 878 695 297 828 373 516 943 259 196 263 292 156 388 875 143 208 281 521 466 724 626 485 634 198 51 344 978 192 901 793 367 677 330 708 103 373 168 587 678 861 247 126 109
651
586 783 179 771 308 148 193 345 119 601 423 302 284 884 935 101 776 878 458 177 622 226 811 633 527 711 668 309 962 561 944 212 723 503 96 152 838 579 859 647 417 398 974 704 596 56 111 533 224 456 820 501 708 929 998 115 117 93 913 552 67 845 532 261 123 639 5 769 468 391 617 624 821 713 906 572 6 177 83 495 730 530 210 969 471 412 380 897 363 579 153 949 860 804 206 312 566 782 415 394 833 955 199 662 163 687 102 153 954 300 909 290 814 479 131 588 394 503 641 198 852 45 903 102 873 891 973 734 69 141 596 937 243 66 849 299 33 960 770 576 228 635 194 649 149 425 967 328 866 620 46 54 660 120 228 712 649 93 284 794 826 129 304 677 821 475 108 678 203 337 443 415 202 111 814 902 830 593 163 293 352 578 911 631 688 746 184 716 592 84 86 392 343 959 535 50 722 828 863 218 635 932 545 76 33 1 271 156 533 126 534 318 176 459 674 538 709 740 861 926 517 899 896 760 745 534 471 399 801 726 112 653 507 839 226 108 563 117 180 403 227 804 975 505 948 96 703 65 983 984 832 399
407
508 71 439 304 409 683 123 836 648 560 296 19 222 150 50 624 942 302 102 71 566 907 720 388 369 784 657 875 125 121 12 923 247 821 505 746 818 786 47 633 207 866 396 730 587 554 272 727 885 679 136 697 714 545 821 350 403 750 225 182 918 451 627 83 940 201 787 114 445 425 368 423 604 471 238 390 119 131 251 310 957 860 56 790 1 247 567 593 357 13 182 23 54 237 720 261 916 332 917 677 628 298 383 896 795 912 164 123 74 181 424 455 907 432 0 144 10 813 490 693 459 497 383 929 985 282 916 526 831 913 113 608 314 236 119 686 885 665 823 408 680 935 297 58 710 734 665 233 143 128 195 6 531 484 108 934 20 946 483 612 229 473 522 862 317 843 189 154 709 343 102 878 103 868 235 220 871 692 705 611 752 603 217 179 677 242 965 728 924 141 886 79 527 566 611 191 410 577 47 54 986 425 942 296 120 333 224 340 46 756 465 598 808 67 931 429 376 114 964 909 71 402 465 700 871 868 482 938 260 16 53 74 82 489 292 677 135 332 170 206 872 826 709 835 506 153 874 37 504 557 689 881 581 847 843 429 390 484 895 468 511 641 732 414 92 496 274 542 493 367 549 311 202 301 457 661 98 527 478 970 933 256 578 299 701 384 787 775 178 239 448 854 141 178 689 614 346 474 106 956 358 938 67 419 984 742 769 71 233 437 804 654 971 252 35 863 127 72 757 421 497 7 893 604 354 80 268 116 757 385 582 264
41
531 301 308 502 449 924 930 44 122 738 699 293 537 595 39 989 166 896 251 800 179 4 723 902 694 915 966 590 641 115 781 333 48 981 480 168 645 553 183 88 541 365 95 124 612 800 351 207 627 528 327 536 878 396 872 388 112 727 685 424 188 554 17 60 507 126 342 463 748 388 218 983 861 577 869 551 843 69 699 474 596 687 55 126 270
441
465 411 701 877 863 8 905 335 475 475 88 490 569 828 541 779 686 943 766 748 5 972 372 259 668 300 242 626 485 637 103 342 417 89 582 127 303 498 143 165 815 940 195 542 498 723 637 457 142 237 60 483 366 110 425 679 273 222 770 328 957 96 950 78 409 797 631 635 803 385
130
540 904 176 758 881 411 576 933 834 185 402 250 250 204 241 833 392 470 641 708 986 40 496 20 346 91 807 732 177 182 797 960 603 433 6 635 978 575 651 36 415 350 982 869 594 468 925 312 134 228 346 52 206 773 391 149 328 641 118 356 954 104 70 41 641 735 444 785 62 854 509 477 431 648 109 82 584 842 469 454 202 132 451 244 458 106 293 202 34 190 386 809 207 871 502 165 541 343 624 596 178 89 619 104 619 891 663 518 953 430
660
764 502 156 847 292 124 368 612 407 661 617 41 860 742 997 84 410 81 447 579 223 324 8 261 95 534 737 751 269 921 732 776 254 45 696 217 760 629 429 844 204 135 484 496 285 654 99 871 12 441 139 567 785 381 885 19 485 335 630 723 168 875 874 518 371 552 20 931 893 841 432 112 606 433 143 694 938 261 625 197 734 359 549 856 872 550 215 604 201 392 764 542 885 779 502 531 289 872 73 434 55 222 411 512 659 926 917 238 661 966 225 498 843 710 764 789 273 123 504 251 56 339 880 36 22 928 441 605 533 95 676 766 132 151 3 853 169 570 587 889 837 650 547 185 949 423 23 958 647 635 971 624 395 50 440 56 658 705 758 328 186 929 470 636 204 571 283 595 777 431 999 955 581 461 618 622 58 289 564 56 325 524 15 869 706 51 420 768 966 308 2 905 910 348 667 739 23 795 846 607 834 652 52 853 488 482 837 471 195 177 453 36 512 634 437 706 116 288 609 630 478 794 175 389 64 719 989 380 77 290 974 230 934 703 751 626 373 447 465 344 414 752 555 372 818 239 896 61 645 11 686 572 448 972 698 414 830 772 715 230 470 996 228 143 456 549 826 433 522 112 139 893 508 876 992 186 323 640 478 936 284 546 663 528 116 74 720 286 577 763 951 434 839 821 792 981 320 443 644 29 846 766 141 591 615 955 943 606 824 368 194 916 220 546 889 968 183 580 27 563 765 246 417 723 317 66 892 824 658 907 461 242 953 278 696 218 840 312 980 548 416 146 449 184 191 410 31 343 68 366 855 908 627 458 345 204 185 253 929 954 71 988 672 443 889 301 377 870
934
682 464 783 374 337 266 368 76 38 826 180 119 834 630 14 731 320 679 294 861 33 55 835 954 649 46 810 656 158 243 757 198 704 560 396 627 213 478 332 869 641 494 94 274 424 524 320 206 86 618 738 752 158 203 893 124 304 282 358 819 572 800 827 326 365 970 184 41 197 174 190 481 480 294 62 289 963 615 233 371 331 897 656 279 59 786 923 537 725 185 125 28 655 102 574 377 543 371 754 158 978 863 124 405 713 996 455 733 842 251 682 440 272 826 869 293 546 144 161 693 199 260 504 808 487 645 260 900 697 185 950 417 132 306 309 771 533 367
601
290 320 17 278 725 43 348 441 124 240 367 115 956 142 63 230 982 614 833 569 979 818 496 51 930 966 110 940 15 537 884 509 782 374 38 46 208 164 226 13 272 210 379 429 174 671 86 198 222 916 990 194 458 672 487 94 811 458 472 116 926 901 887 669 457 725 697 136 703 149 240 83 558 261 3 53 677 770 559 321 624 919 17 755 245 327 458 89 913 659 75 856 897 395 369 153 396 287 585 939 2 757 949 941 928 693 628 967 675 924 179 64 534 216 235 141 775 919 757 424 387 571 392 195 527 919 381 707 960 18 337 315 241 706 298 693 479 483 112 70 721 721 584 591 300 221 622 61 403 907 231 843 272 107 128 63 838 343 924 918 920 348 331 300 478 391 642 0 923 551 427 865 119 128 787 335 143 858 299 115 183 792 660 520 14 633 666 955 123 349 229 951 292 846 868 712 11 904 852 545 869 52 60 785 252 599 715 412 227 844 621 44 235 50 376 931 496 142 219 210 200 973 662 33 880 319 13 217 791 214 820 786 833 267 950 10 990 541 939 17 557 672 788 582 506 175 783 754 879 770 72 343 524 289 732 764 322 92 374 32 428 487
893
429 272 961 524 932 343 98 320 403 354 429 897 221 53 368 925 936 515 345 698 708 905 335 31 249 152 701 720 983 364 977 650 481 903 950 468 178 410 156 472 829 315 429 486 896 619 346 560 330 678 335 211 439 646 895 741 348 574 842 391 602 372 47 220 259 493 567 880 424 235 707 643 727 351 731 659 810 9 305 67 747 80 796 912 777 131 612 183 533 50 304 4 334 876 504 382 246 636 273 905 846 809 814 339 133 649 216 51 688 597 450 638 528 676 277 549 969 840 351 995 905 217 995 637 624 462 56 433 513 923 57 421 449 29 511 333 759 441 874 474 961 446 511 395 56 943 122 758 357 643 469 64 681 29 878 235 230 48 794 53 358 981 531 912 64 533 52 847 762 815 679 622 911 618 466 447 547 621 464 318 176 605 381 758 159 573 917 903 921 728 567 237 548 729 324 304 102 369 78 540 110 516 66 75 518 146 14 462 858 188 186 296 968 371 520 131 990 3 779 187 619 249 38 736 578 248 516 420 900 691 864 175 203 165 925 519 798 524 498 812 29 136 653 39 219 352 199 395
929
956 950 522 156 586 132 723 40 57 97 257 941 630 207 695 42 525 785 55 74 922 657 131 462 531 101 812 969 791 990 507 474 854 601 102 392 577 777 238 614 965 248 708 727 265 483 915 672 898 719 396 966 865 237 598 884 652 194 802 2 239 428 103 121 368 571 335 367 294 417 468 580 297 665 264 381 812 195 281 979 180 247 859 536 382 90 343 21 340 108 386 457 379 902 784 586 533 348 568 235 325 384 674 363 491 727 551 31 900 365 717 863 696 421 928 678 698 407 451 176 803 667 928 616 177 219 457 810 24 627 976 31 805 39 248 348 88 95 195 623 383 256 743 758 827 124 738 555 317 605 517 932 313 296 243 106 372 875 436 443 681 439 900 837 974 670 231 866 459 884 701 174 259 931 121 854 376 433 819 437 943 613 120 333 319 884 207 474 54 765 994 425 897 314 749 225 69 845 242 851 22 22
861
864 597 64 148 663 480 343 367 209 171 173 9 236 434 408 630 973 215 883 99 439 151 387 77 248 255 749 89 366 649 254 211 278 867 511 471 897 863 937 709 288 635 159 96 294 695 291 708 647 11 113 738 998 905 489 488 782 143 788 115 155 175 52 763 729 406 282 464 460 501 154 524 475 367 999 653 442 100 988 354 234 949 281 950 305 902 584 464 831 170 224 181 404 32 517 617 504 743 522 614 293 520 625 547 227 56 618 705 229 584 698 511 201 228 389 700 105 860 555 198 700 292 475 817 466 98 160 581 991 521 257 741 707 970 281 505 154 622 620 687 126 638 649 330 253 432 469 994 840 423 887 744 206 428 322 853 153 229 691 938 806 200 913 964 187 191 374 759 919 699 74 197 176 538 833 864 266 777 469 806 170 201 867 886 437 609 204 27 176 620 196 527 367 678 319 863 232 905 468 490 202 213 7 491 466 857 243 761 752 103 484 860 610 531 927 595 775 838 220 388 919 816 254 433 174 397 338 200 272 846 635 111 612 444 352 265 838 900 556 645 436 95 555 862 60 251 293 776 709 980 655 737 224 111 166 103 151 225 838 908 186 517 532 437 185 724 930 24 325 115 184 360 538 105 24 242 977 638 802 700 5 448 817 567 208 919 221 265 188 538 143 780 370 344 691 83 794 761 997 238 879 873 49 543 805 203 843 474 177 547 984 107 946 380 327 888 871 409 336 35 700 49 948 618 549 935 75 820 142 683 777 653 741 263 396 949 831 187 488 971 55 566 232 225 970 913 219 724 306 784 774 726 638 328 364 215 268 419 75 870 902 340 385 607 573 364 514 224 959 888 334 720 775 649 211 944 535 823 508 215 704 951 802 790 109 910 743 128
643
825 11 908 171 343 791 97 32 514 714 435 194 543 726 423 420 108 309 941 416 661 750 303 206 114 174 378 641 557 205 470 286 961 509 13 105 873 921 361 651 183 43 463 489 426 405 246 538 545 418 206 323 341 467 367 17 851 467 22 441 325 691 532 225 245 57 260 476 311 813 81 519 519 14 814 475 451 218 751 382 759 19 400 526 145 917 852
720
785 808 639 220 710 60 572 701 260 794 816 154 277 772 125 914 366 238 524 608 421 400 522 495 319 551 60 695 220 953 971 903 673 404 932 135 610 719 311 366 786 870 254 171 971 639 935 297 987 861 234 749 384 674 788 172 164 153 462 130 29 489 884 204 31 371 84 469 106 3 585 618 652 32 778 988 114 429 233 375 803 346 698 704 226 676 675 637 99 34 924 555 1000 316 489 706 723 67 423 824 780 665 648 689 481 185 973 778 659 597 972 254 232 709 56 318 449 543 607 840 859 145 269 544 203 597 34 947 523 875 205 299 418 712 17 416 661 308 683 118 658 424 279 134 958 894 811 69 953 898 550 240 248 689 809 448 11 125 912 619 726 516 846 224 303 843 177 133 925 704 948 721 797 230 683 642 79 347 767 72 289 739 146 951 623 95 375 48 833 451 157 997 862 370 968 346 298 23 789 352 40 854 781 316 641 934 440 849 183 16 386 202 306 789 195 845 108 470 98 568 867 155 888 880 443 384 237 895 483 735 588 623 844 182 273 467 661 706 605 7 606 451 905 865 961 283 931 566 233 95 415 924 183 428 628 930 913 261 835 974 38 526 723 273 669 871 802 297 315 416 353 501 672 393 722 384 574 687 854 470 187 937 843 161 750 385 617 458 769 961 445 181 134 459 332 978 618 66 666 5 737 755 733 640 615 448 246 503 16 711 513 825 563 822 304 912 852 662 484 526 157 511 378 448 254 971 817 205 795 817 821 58 278 351 365 498 802 849 917 900 965 532 236 510 983 203 974 143 314 783 234 427 81 917 92 268 942 376 372 468 288 637 593 829 49 353 234 786 169 432 542 18 385 161 144 184 421 221 482 73 936 481 589 822 163 264 412 971 589 217 890 117 741 693 219 160 293 128 78 576 18 992 851 491 451 580 414 958 580 711 985 27 895 293 325 975 239 197 157 340 891 426 107 251 376 555 215 775 548 373 871 633 590 73 136 495 698 505 999 308 244 575 74 867 375 252 784 384 24 162 760 627 185 185 714 72 573 535 823 324 48 864 687 451 217 621 468 394 300 18 972 501 955 684 958 331 514 80 606 134 759 382 242 901 248 239 350 137 557 205 50 886 903 704 914 967 107 261
962
956 823 672 890 605 29 316 355 386 443 92 210 302 198 791 601 165 42 592 581 487 439 858 91 715 280 315 469 338 419 625 222 568 894 256 525 884 653 693 411 984 420 662 709 470 218 943 204 100 520 786 929 469 245 132 400 526 640 558 933 323 802 116 584 284 705 610 673 938 4 936 991 975 311 41 900 231 475 101 439 924 154 689 303 989 836 842 336 328 245 463 976 741 965 976 958 27 426 830 964 494 785 391 951 863 283 26 451 879 215 487 376 651 985 253 281 458 787 610 118 470 868 724 945 491 468 594
546
380 635 459 590 286 487 658 206 673 971 977 572 787 849 994 644 405 983 362 59 36 688 551 352 416 667 665 264 759 467 772 959 99 776 528 284 19 685 354 397 219 721 912 832 276 526 310 416 994 439 669 679 483 943 865 902 133 626 376 341 383 320 331 752 245 192 270 818 177 983 708 31 479 210 622 0 823 580 589 605 10 170 122 997 911 702 337 361
490
636 74 451 520 864 330 266 150 877 74 272 411 488 229 24 983 716 114 65 808 742 335 764 622 858 123 344 524 557 116 485 600 580 617 556 11 609 367 535 516 913 137 354 995 189 808 651 865 268 145 688 404 420 29 155 94 134 719 629 158 538 358 862 566 337 582 333 278 301 80 309 945 630 833 265 944 739 502 331 569 629 165 607 872 214 720 614 794 736 847 565 632 974 594 494 364 430 764 324 842 238 107 592 818 321 377 726 809 760 2 37 140 402 62 200 152 507 247 474 174 788 199 879 542 422 556 571 505 434 488 524 622 933 471 699 740 992 964 810 854 734 916 127 67 17 961 899 796 829 37 301 148 563 147 658 981 903 170 926 852 53 161 82 68 374 128 591 323 490 552 503 786 85 644 506 634 351 560 575 298 937 302 543 1 345 980 368 617 465 192 782 471 406 203 987 353 468 821 6 855 537 809 9 20 113 366 715 888 361 73 153 370 399 708 734 238 426 142 331 208 965 335 474 304 452 560 269 262 280 798 52 941 102 551 449 564 511 955 553 360 597 345 301 804 825 63 229 341 338 886 737 50 724 91 179 367 110 210 710 535 336 195 1000 805 543 998 368 196 822 50 609 525 952 450 953 2 134 998 501 621 804 397 252 775 801 535 416 307 747 572 542 227 679 47 854 140 375 944 428 474 608 186 643 438 959 543 475 742 590 273 37 997 222 322 106 260 760 651 20 256 744 906 334 11 36 324 468 954 406 880 888 672 719 508 378 588 416 269 682 75 199 964 40 938 701 61 892 637 439 556 703 826 213 387 192 898 133 281 659 628 98 552 335 784 92 277 857 877 988 120 587 327 37 544 263 37 545 370 694 992 278 621 438 659 933 779 40 138 408 348 533 459 609 813 65 524 636 102 362 164 93 979 592 984 765 347 844 57 403 246 155 452 725 406 915 792 191 513 39 228 820 152 957 173 68 704 445 653 650 414 804 159 750 343 558 737 693 363 652 125 377 717 308 77 962 667 627 237 768 492 7 385 963 856 360 651 204 343 693 654 64 419 472 84 384 501 122 686 383 719 348 624 914 272 678 619 452 285 623 616 540 778 103 363 399 921 818 195 609 356
430
825 825 631 22 14 887 698 162 354 874 124 130 123 942 754 548 909 695 808 419 296 563 288 918 333 836 618 343 48 625 242 37 265 83 403 298 435
649
557 397 85 283 367 234 124 57 602 145 416 253 720 564 877 137 668 886 33 712 434 186 977 547 314 992 578 850 311 626 728 738 939 80 972 17 604 220 791 467 760 82 703 87 686 773 948 483 637 855 54 82 476 368 141 681 105 138 322 356 201 738 774 800 537 784 188 274 67 297 586 355 969 103 425 519 855 661 638 467 316 234 927 445 916 391 248 314 503 886 158 459 74 966 526 836 268 672 184 257 93 265 813 528 649 508 699 294 743 676 985 355 532 106 510 638 759 534 946 950 180 827 594 147 4 153 853 713 756 745 602 10 345 956 662 423 12 538 413 905 419 735 916 26 621 113 457 137 291 865 571 729 974 235 272 524 782 309 84 977 300 219 592 506 396 740 313 550 569 269 986 226 123 164 747 726 394 865 206 499 43 806 232 746 521 260 177 410 140 658 328 100 693 52 826 867 497 297 624 410 80 846 557 404 893 392 710 779 114 429 653 537 79 659 734 918 0 541 898 835 791 141 656 747 967 405 733 3 459 705 175 700 186 998 74 610 360 649 472 601 62 278 714 998 286 401 283 193 26 650 988 845 489 179 556 931 861 22 934 129 445 970 26 341 462 624 562 762 754 564 426 95 141 631 26 228 590 374 494 832 860 535 660 566 227 368 581 326 528 782 720 867 423 451 456 426 271 877 552 621 582 520 447 423 671 823 653 689 764 846 754 82 509 778 623 570 820 791 802 499 204 113 70 120 188 1000 238 251 44 220 951 446 49 6 598 35 790 835 173 230 84 9 235 811 749 998 501 421 797 757 814 363 907 2 178 833 432 772 583 49 664 221 243 761 539 794 670 959 276 258 722 488 356 789 161 82 946 276 591 560 234 603 668 286 612 432 36 210 174 393 219 714 34 88 580 561 553 241 855 756 936 532 680 344 971 378 767 229 708 723 218 419 552 742 510 437 662 660 490 597 664 749 379 601 98 723 867 177 799 101 692 428 181 682 707 709 623 889 884 377 968 408 938 758 32 534 237 528 330 249 502 321 257 745 582 99 813 34 201 217 787 178 929 720
379
525 993 389 556 258 13 448 878 680 639 390 364 898 433 538 186 178 585 305 656 567 860 125 969 752 908 746 135 898 218 874 902 114 226 148 962 800 97 76 994 308 60 765 690 57 721 653 209 443 0 26 665 28 460 175 409 153 436 606 140 534 718 836 411 873 931 457 869 766 605 667 919 14 705 349 912 714 832 774 885 468 165 422 25 654 302 72 88 40 791 455 935 46 137 862 641 873 379 678 444 124 966 183 501 362 254 68 682 738 551 556 383 757 34 541 350 876 179 755 885 129 343 26 424 678 669 687 188 541 349 307 27
171
474 306 717 45 347 514 377 38 361 341 7 805 482 921 465 956 105 752 121 609 698 968 739 424 863 47 605 662 834 172 998 403 685 334 731 275 371 167 393 984 479 508 798 550 817 716 340 674 578 250 322 952 231 79 611 436 638 311 33 651 0 461 1 164 251 725 718 150 785 169 135 533 75 311 330 295 539 827 417 124 67 848 495 158 182 413 513 805 330 696 112 411 679 327 267 965 259 912 251 651 780 40 650 543 577 736 173 115 691 706 241 688 65 646 497 529 377 236 64 148 924 443 488 475 403 962 25 63 954 811 560 758 696 289 973 932 793 419 601 23 29 879 820 498 712 2 97 36 188 263 768 867 763 782 330 526 764 14 894 246 289 765 569 523 949 921 690 535 346 413 790 432 814 73 30 553 656 226 378 444 357 771 107 74 831 718 627 583 470 100 830 969 221 655 355 880 845 44 973 682 373 56 165 303 218 470 939 533 521 465 244 777 800 278 925 484 874 487 745 979 265 728 629 910 984 855 868 74 287 289 505 511 686 864 481 293 349 363 156 48 833 675 868 942 715 747 531 609 660 247 208 322 12 111 332 36 431 751 318 639 424 912 25 646 140 615 125 406 45 280 905 793 486 142 657 972 104 578 743 609 510 226 774 565 70 353 559 214 881 179 399 667 944 655 325 457 160 237 43 252 500 743 861 559 93 176 874 813 380 236 358 689 69 458 519 158 898 306 81 514 886 655 529 113 6 616 947 401 294 953 171 816 811 269 33 823 462 418 770 381 231 705 447 113 996 652 104 582 81 900 353 47 371 550 129 33 194 339 29 381 932 903 425 466 339 441 831 494 533 945 415 601 226 374 693 257 934 510 788 422 803 494 955 728 732 514 398 358 650 392 881 774 676 452 966 467 194 316 777 168 819 856 975 331 350 986 615 296 974 975 566 982 126 251 320 588 212 13 298 725 561 499 474 767 807 714 888 703 732 287 526 222 932 861 666 377 650 669 219 959 626 550 484 913 933 221 572 628 912 240 620 309 770 156
165
939 836 968 826 689 393 809 889 253 921 836 751 971 160 479 306 388 924 757 690 969 136 707 71 843 620 171 167 644 364 552 748 323 370 889 231 631 883 954 823 112 98 584 470 377 473 553 333 975 515 248 256 831 688 318 278 535 658 88 288 520 759 714 713 412 235 979 507 677 155 795 463 839 855 443 342 417 70 269 671 161 431 1000 350 452 226 230 730 301 945 477 622 20 457 755 597 62 723 909 425 807 198 680
530
42 124 407 720 309 307 929 338 454 682 697 200 4 28 155 390 847 1000 16 545 23 615 593 468 29 458 636 911 454 712 875 858 38 821 772 387 638 301 667 242 934 666 290 19 790 209 162 96 957 49 255 227 628 505 626 491 336 317 670 32 526 541 618 612 938 519 875 454 349 874 657 867 547 167 536 603 605 159 637 830 534 339 587 288 594 893 702 251 861 186 469 832 172 945 202 701 208 830 839 837 547 930 897 349 705 7 621 667 809 662 342 768 134 705 282 675 379 322 593 61 235 504 328 51 152 160 940 84 573 435 11 317 337 24 980 664 137 6 302 158 49 0 271 648 280 195 368 714 367 73 728 49 510 555 550 547 158 309 234 447 919 39 617 800 688 227 673 585 222 461 275 710 997 852 339 895 842 980 204 6 737 435 651 800 742 671 836 77 933 647 178 691 669 265 987 720 723 279 700 773 385 536 833 754 314 14 319 390 378 27 27 896 319 266 650 279 890 888 613 210 160 405 964 91 752 458 554 628 111 576 810 572 215 913 37 712 209 468 597 622 592 551 739 407 775 465 853 391 936 830 142 123 638 78 488 70 208 738 322 71 132 596 394 683 506 111
358
694 221 172 154 337 51 454 359 294 660 598 428 665 895 624 478 290 888 34 632 203 528 295 8 977 504 265 718 657 581 26 188 760 524 81 295 712 775 528 21 111 407 708 535 950 640 785 100 265 732 538 32 631 42 10 133 629 52 612 314 466 651 577 740 811 693 893 815 457 279 105 215 332 826 858 981 461 653 390 457 901 104 990 557 220 675 532 53 177 871 885 301 249 350 809 94 411 440 492 280 995 757 570 524 133 565 6 534 827 502 796 464 256 197 471 965 486 574 971 553 271 804 897 230 227 561 411 739 699 436 759 399 138 966 98 591 159 86 336 880 674 331 206 206 939 655 387 326 327 303 290 211 350 170 520 306 659 841 908 202 146 626 367 584 1 464 317 697 912 358 115 956 610 202 884 936 746 793 228 607 735 481 185 963 378 637 403 739 271 854 931 590 443 34 856 561 105 681 762 447 550 528 545 868 320 990 285 192 514 122 226 944 357 880 836 165 975 439 498 813 42 902 595 142 937 670 815 277 895 330 62 750 346 370 718 908 611 496 534 428 988 322 400 695 1 459 756 953 137 358 824 72 950 1 270 804 258 917 968 874 162 192 819 99 660 720 224 331 127 298 879 373 592 779 452 618 244 55 924 155 646 553 855 116 120 739 162 793 103 368 979 343 132 651 429 482 681 660 1 666 490 976 755 605 872 108 5 267 709 557 449 75 624 511 538 812 278 264 581 533 993 214 799 745 852 553 733 405 130 835 204 922 994 570 472 958
812
124 130 284 2 477 822 990 275 129 861 615 334 318 617 190 349 80 926 665 561 770 4 180 334 147 546 532 364 379 683 856 913 910 389 925 758 657 307 707 919 774 97 165 711 144 471 794 363 550 989 526 272 754 880 301 508 249 429 127 63 415 971 9 600 762 700 255 673 292 606 320 287 233 895 914 923 847 663 354 708 341 178 789 505 247 389 757 779 723 997 85 765 896 845 447 589 396 571 748 43 485 461 481 81 694 253 266 581 425 566 766 987 119 899 561 479 477 664 267 158 633 506 175 934 526 823 738 742 264 181 466 882 767 146 14 124 571 274 815 2 254 591 858 100 87 450 829 199 457 150 177 479 655 775 974 657 44 791 853 38 850 976 773 230 11 431 205 229 300 288 67 984 256 879 652 91 899 699 29 194 86 552 297 498 398 69 733 569 120 3 609 650 798 218 395 340 210 691 812 604 524 141 221 23 697 539 542 271 812 272 848 661 16 866 11 492 929 805 157 365 108 241 928 138 378 987 775 607 971 124 514 877 143 99 359 55 608 447 447 371 511 655 907 181 710 574 337 330 942 939 553 20 420 142 455 630 155 957 768 994 243 803 407 322 979 104 622 872 755 570 529 742 457 62 664 579 989 676 540 257 365 226 232 350 507 644 256 643 40 553 476 728 912 342 390 143 205 359 578 730 920 685 706 831 185 214 485 152 640 223 778 841 68 527 763 786 565 805 78 961 597 655 631 103 838 236 459 969 982 867 161 90
778
807 105 370 402 738 584 269 458 492 892 25 74 28 726 605 461 608 742 875 803 237 527 30 746 317 367 998 43 26 347 74 853 2 373 606 273 269 297 475 250 943 473 959 788 935 534 798 73 408 299 265 819 763 634 699 148 812 493 377 900 243 63 22 844 901 51 995 550 811 943 567 36 402 237 55 231 359 408 418 643 290 83 777 896 370 155 262 205 687 59 822 416 754 134 349 528 232 635 137 468 662 748 835 297 334 595 359 753 410 45 178 267 486 974 557 447 776 362 301 287 689 190 738 55 242 356 974 634 830 795 841 569 579 247 966 743 874 85 656 386 152 755 725 950 27 962 424 644 913 58 909 356 730 326 571 757 831 139 226 137 98 764 150 900 521 650 471 539 659 436 557 851 310 864 42 181 723 251 249 252 884 44 173 471 210 347 186 913 548 123 980 235 39 693 772 6 172 340 435 62 856 508 728 39 280 260 950 128 440 770 650 639 536 397 419 284 938 146 977 740 203 63 856 864 940 573 839 713 214 414 434 696 642 375 35 119 524 487 891 269 406 914 89 929 588 596 548 751 161 643 691 174 580 393 119 580 119 982 832 247 707 190 17 116 978 898 200 819 358 680 52 890 770 269 541 995 217 390 18 512 150 397 702 541 354 519 699 338 155 25 14 517 863 848 269 108 626 876 690 247 875 250 513 466 45 386
734
141 464 504 10 516 995 908 240 791 971 105 727 686 981 652 215 312 1000 47 600 477 371 53 961 423 497 401 235 444 854 700 796 552 693 967 160 718 471 938 560 165 697 653 846 748 98 286 271 557 663 921 70 355 51 790 107 65 615 994 271 501 895 994 785 915 848 627 861 606 856 342 697 225 879 287 33 203 894 203 515 624 903 568 227 395 4 3 752 846 783 401 205 300 691 284 567 417 322 622 900 110 235 273 126 59 918 220 979 774 336 239 495 84 783 217 381 59 74 898 209 685 616 918 978 669 756 89 280 158 317 239 719 482 6 278 210 585 228 317 807 450 394 289 353 422 47 369 489 152 395 896 263 73 828 221 605 485 695 362 568 625 950 98 197 893 621 967 574 63 897 635 407 320 990 705 652 54 101 442 759 372 957 332 19 547 155 850 883 200 315 581 363 396 637 79 632 634 312 820 658 119 777 827 45 825 87 223 423 492 415 905 213 218 550 280 879 830 939 36 359 433 514 309 882 126 735 680 570 107 697 61 715 190 591 678 492 437 431 994 604 237 734 453 405 144 877 388 140 202 673 295 314 703 963 505 931 135 849 697 585 196 59 105 342 626 670 67 742 438 613 7 359 171 501 970 226 365 599 574 982 17 493 654 769 549 213 470 982 531 866 249 198 325 913 398 303 660 684 613 474 956 614 73 35 441 841 599 368 891 164 587 52 52 226 911 815 876 633 733 133 323 391 583 12 141 532 522 155 454 392 466 680 291 504 947 875 934 266 163 898 989 307 327 921 933 577 533 535 232 37 13 896 37 751 999 72 353 151 783 674 54 62 416 418 77 739 734 672 573 603 351 843 707 183 133 338 16 885 442 570 880 732 80 795 86 123 647 441 569 806 614 594 632
256
770 420 292 781 121 491 48 974 909 243 679 492 752 538 578 964 549 459 925 742 964 964 483 12 14 975 15 501 170 926 548 605 583 275 649 526 590 361 28 680 607 331 921 82 869 167 921 343 825 542 371 511 753 376 18 776 738 590 696 204 273 535 261 943 284 913 733 224 430 718 292 102 111 774 559 336 42 16 199 808 376 277 204 65 34 109 338 717 332 474 123 435 527 270 642 964 676 128 608 182 578 552 310 756 691 158 910 127 435 877 179 696 737 1000 156 158 365 646 647 162 311 100 662 199 874 435 394 652 183 935 927 364 788 247 571 148 318 877 603 525 736 687 32 126 301 387 10 564 717 684 178 721 529 505 121 26 372 847 975 92 553 288 224 255 76 689 115 244 240 762 865 585 747 858 354 49 824 797 646 666 929 275 66 56 588 116 916 321 614 907 529 850 245 575 253 917 459 881 140 949 759 873 564 465 348 726 737 270 777 961 40 795 470 179 257 54 235 271 976 91 496 600 317 150 392 742 109 961 43 339 970 91 594 316 528 442 22 378 510 185 533 976 578 357 743 302 579 278 372 230 974 655 771 443 609 450 244 387 36 416 363 555 410 9 368 671 401
175
109 834 77 17 980 451 424 504 125 74 294 433 395 586 533 91 226 117 187 895 896 818 681 434 576 289 820 874 28 501 421 884 426 554 911 348 619 494 517 407 907 715 442 779 780 110 934 299 557 644 882 92 753 132 298 301 758 644 889 994 447 991 601 867 622 566 580 664 573 50 628 699 642 143 837 136 873 896 407 952 671 592 903 934 555 157 264 400 262 614 374 804
962
826 623 183 706 595 386 7 741 968 424 365 101 179 595 451 626 334 344 994 813 731 427 380 332 143 535 270 24 514 312 730 221 526 799 893 112 943 354 74 247 181 399 547 990 866 864 918 178 95 687 158 8 565 320 733 399 822 217 651 560 604 918 483 966 929 894 712 369 666 339 634 180 798 701 33 198 843 425 291 909 167 335 791 734 50 295 719 579 649 764 840 731 789 232 549 693 850 838 898 239 98 786 905 780 62 934 828 931 214 576 728 451 875 699 405 702 70 409 169 514 86 299 861 109 313 22 817 39 381 646 52 998 915 63 514 393 847 657 305 275 137 122 21 550 622 273 238 254 973 903 152 602 249 807 397 678 262 304 742 391 925 804 603 838 81 804 283 74 27 454 285 577 801 197 502 885 964 214 138 21 305 203 651 6 71 355 786 316 669 686 145 285 67 262 898 488 29 920 882 373 744 527 5 716 21 963 722 157 548 984 334 749 484 119 735 36 478 855 44 992 498 474 501 599 949 811 886 907 95 620 336 946 219 232 899 341 829 469 777 244 323 459 655 952 360 176 735 486 43 915 738 398 60 307 207 4 576 286 819 943 52 655 341 360 660 474 274 959 478 145 772 292 331 601 1 250 15 703 653 850 608 325 744 911 750 429 135 375 784 605 48 221 734 53 808 562 218 108 308 427 292 343 395 844 622 750 836 984 694 929 362 883 49 120 695 627 34 815 7 545 399 624 68 568 44 534 104 978 418 503 837 515 593 245 117 297 204 8 143 933 618 902 151 684 893 419 725 671 965 646 296 260 400
835
462 78 603 294 752 379 755 11 569 219 476 902 156 743 548 603 745 29 115 638 188 776 142 61 212 274 576 736 18 426 195 427 236 666 863 390 716 91 915 19 795 788 233 724 883 347 114 17 66 922 99 303 287 932 848 260 254 76 69 427 572 382 109 512 345 988 496 294 794 352 153 544 410 588 728 320 327 498 233 622 760 926 42 985 475 251 712 389 326 432 175 484 549 568 71 156 863 193 282 947 147 14 392 922 167 598 449 253 363 474 685 745 677 199 199 434 679 331 864 952 34 84 443 529 76 613 151 484 394 713 24 858 37 738 17 548 876 97 583 773 212 182 728 204 996 580 840 730 363 966 752 57 801 789 620 958 708 568 106 142 45 812 890 305 968 801 355 798 63 604 524 30 504 632 550 854 918 168 160 778 614 986 851 789 545 480 750 822 533 626 463 236 280 839 29 273 634 442 654 659 494 361 51 519 544 762 141 891 190 232 820 758 614 856 537 442 736 278 364 818 263 989 996 225 353 392 522 786 794 770 261 497 131 444 806 99 897 91 524 597 769 179 113 889 860 476 937 526 77 308 154 240 657 430 263 53 722 390 188 934 102 352 220 843 931 24 127 931 754 996 726 828 620 517 892 448 602 785 802 383 516 965 998 714 246 832 818 938 400 753 722 635 504 735 508 585 369 570 95 665 915 765 897 109 145 883 709 290 603 568 207 250 363 783 686 438 341 181 635 345 512 436 475 251 528 786 691 770 649 408 279 831 594 527 437 2 364 714 720 214 784 47 980 179 532 282
618
146 765 9 484 951 247 564 722 692 300 683 784 494 36 356 446 481 529 756 74 766 756 600 446 517 708 598 234 483 106 158 549 52 993 313 358 577 548 828 972 59 582 67 606 237 220 573 414 332 59 34 209 224 369 733 793 722 430 949 144 336 979 604 844 524 938 650 52 713 465 399 670 300 365 983 864 863 631 746 190 543 627 256 784 513 450 394 483 203 786 864 136 609 853 631 844 573 228 25 366 216 205 75 479 239 522 394 464 385 827 158 467 232 482 379 98 216 323 398 149 859 239 808 541 470 691 550 662 299 100 25 933 723 590 574 907 880 467 517 866 356 115 522 903 971 428 818 484 529 934 498 965 424 659 576 471 315 3 931 401 711 996 167 987 200 425 376 131 933 551 431 826 185 401 680 783 190 800 490 236 712 994 831 916 201 236 385 437 919 945 929 942 21 930 578 299 228 407 464 762 66 694 853 734 439 128 590 236 495 628 562 188 86 119 328 333 557 818 178 386 826 175 655 257 11 412 83 462 889 202 46 131 178 430 676 795 818 198 634 425 5 292 920 25 126 305 139 647 777 713 138 157 366 417 588 97 954 799 149 766 315 169 54 790 98 148 253 980 896 527 319 931 171 30 307 166 30 210 260 565 642 360 171 440 378 586 715 333 692 745 188 660 294 881 208 853 523 190 609 929 100 163 77 974 636 540 245 611 122 339 543 699 197 65 303 820 984 744 469 640 94 217 555 470 649 264 102 736 552 640 774 391 313 519 656 852 869 142 974 540 494 534 890 760 797 756 801 540 543 92 312 723 726 970 976 184 356 327
177
192 70 674 818 51 683 485 933 811 973 421 370 807 33 734 112 846 624 832 560 683 967 266 626 855 663 917 999 995 566 956 508 581 410 363 220 117 398 399 584 967 76 693 73 739 960 49 865 373 583 78 153 256 268 126 814 292 0 381 921 474 624 121 833 692 167 447 291 998 689 330 670 406 827 866 264 271 705 287 155 903 326 686 213 226 924 281 90 82 145 920 660 730 480 779 197 292 335 254 647 875 236 106 149 155 654 565 157 479 427 734 639 119 979 509 777 163 897 60 550 687 415 414 384 333 56 696 836 794 381 432 610 863 764 849 207 147 130 488 46 758 174 72 993 941 879 100 62 990 166 656 405 115 654 910 241 622 683 362 630 408 133 468 847 472 338 989 465 337 539 25 88 621 871 419 661 21 213 258 415 356 173 713 648 157 921 112 394 352 952 828 880 491 995 391 134 554 689 311 611 509 376 167 973 130 976 840 609 502 604 953 97 244 238 635 949 843 23 76 314 142 248 696 384 281 362 60 87 764 84 810 726 852 308 632 475 363 230 689 694 837 730 671 936 670 508 765 339 482 713 109 903 274 946 584 197 224 847 46 54 797 937 143 0 65 813 242 58 870 203 255 182 977 82 358 773 509 1000 420 578 791 48 866 402 947 83 333 287 105 588 932 438 840 146 895 75 864 737 306 17 937 48 656 826 314 704 578
